-0.660000 -1.000000 == hori 140.000000 2.272727 0.227273 -0.660000 -1.000000
-0.658625 -1.000000 == hori 140.000000 2.277472 0.222528 -0.658625 -1.000000
-0.657250 -1.000000 == hori 140.000000 2.282237 0.217763 -0.657250 -1.000000
-0.655875 -1.000000 == hori 140.000000 2.287021 0.212979 -0.655875 -1.000000
-0.654500 -1.000000 == hori 140.000000 2.291826 0.208174 -0.654500 -1.000000
-0.653125 -1.000000 == hori 140.000000 2.296651 0.203349 -0.653125 -1.000000
-0.651750 -1.000000 == hori 140.000000 2.301496 0.198504 -0.651750 -1.000000
-0.650375 -1.000000 == hori 140.000000 2.306362 0.193638 -0.650375 -1.000000
-0.649000 -1.000000 == hori 140.000000 2.311248 0.188752 -0.649000 -1.000000
-0.647625 -1.000000 == hori 140.000000 2.316155 0.183845 -0.647625 -1.000000
-0.646250 -1.000000 == hori 140.000000 2.321083 0.178917 -0.646250 -1.000000
-0.644875 -1.000000 == hori 140.000000 2.326032 0.173968 -0.644875 -1.000000
-0.643500 -1.000000 == hori 140.000000 2.331002 0.168998 -0.643500 -1.000000
-0.642125 -1.000000 == hori 140.000000 2.335994 0.164006 -0.642125 -1.000000
-0.640750 -1.000000 == hori 140.000000 2.341007 0.158993 -0.640750 -1.000000
-0.639375 -1.000000 == hori 140.000000 2.346041 0.153959 -0.639375 -1.000000
-0.638000 -1.000000 == hori 140.000000 2.351097 0.148903 -0.638000 -1.000000
-0.636625 -1.000000 == hori 140.000000 2.356175 0.143825 -0.636625 -1.000000
-0.635250 -1.000000 == hori 140.000000 2.361275 0.138725 -0.635250 -1.000000
-0.633875 -1.000000 == hori 140.000000 2.366397 0.133603 -0.633875 -1.000000
-0.632500 -1.000000 == hori 140.000000 2.371542 0.128458 -0.632500 -1.000000
-0.631125 -1.000000 == hori 140.000000 2.376708 0.123292 -0.631125 -1.000000
-0.629750 -1.000000 == hori 140.000000 2.381898 0.118102 -0.629750 -1.000000
-0.628375 -1.000000 == hori 140.000000 2.387110 0.112890 -0.628375 -1.000000
-0.627000 -1.000000 == hori 140.000000 2.392344 0.107656 -0.627000 -1.000000
-0.625625 -1.000000 == hori 140.000000 2.397602 0.102398 -0.625625 -1.000000
-0.624250 -1.000000 == hori 140.000000 2.402883 0.097117 -0.624250 -1.000000
-0.622875 -1.000000 == hori 140.000000 2.408188 0.091812 -0.622875 -1.000000
-0.621500 -1.000000 == hori 140.000000 2.413516 0.086484 -0.621500 -1.000000
-0.620125 -1.000000 == hori 140.000000 2.418867 0.081133 -0.620125 -1.000000
-0.618750 -1.000000 == hori 140.000000 2.424242 0.075758 -0.618750 -1.000000
-0.617375 -1.000000 == hori 140.000000 2.429642 0.070358 -0.617375 -1.000000
-0.616000 -1.000000 == hori 140.000000 2.435065 0.064935 -0.616000 -1.000000
-0.614625 -1.000000 == hori 140.000000 2.440513 0.059487 -0.614625 -1.000000
-0.613250 -1.000000 == hori 140.000000 2.445985 0.054015 -0.613250 -1.000000
-0.611875 -1.000000 == hori 140.000000 2.451481 0.048519 -0.611875 -1.000000
-0.610500 -1.000000 == hori 140.000000 2.457002 0.042998 -0.610500 -1.000000
-0.609125 -1.000000 == hori 140.000000 2.462549 0.037451 -0.609125 -1.000000
-0.607750 -1.000000 == hori 140.000000 2.468120 0.031880 -0.607750 -1.000000
-0.606375 -1.000000 == hori 140.000000 2.473717 0.026283 -0.606375 -1.000000
-0.605000 -1.000000 == hori 140.000000 2.479339 0.020661 -0.605000 -1.000000
-0.603625 -1.000000 == hori 140.000000 2.484987 0.015013 -0.603625 -1.000000
-0.602250 -1.000000 == hori 140.000000 2.490660 0.009340 -0.602250 -1.000000
-0.600875 -1.000000 == hori 140.000000 2.496359 0.003641 -0.600875 -1.000000
-0.599500 -1.000000 == vert 100.000000 2.500000 0.001250 -0.599500 -1.000000
-0.598125 -1.000000 == vert 100.000000 2.500000 0.004687 -0.598125 -1.000000
-0.596750 -1.000000 == vert 100.000000 2.500000 0.008125 -0.596750 -1.000000
-0.595375 -1.000000 == vert 100.000000 2.500000 0.011563 -0.595375 -1.000000
-0.594000 -1.000000 == vert 100.000000 2.500000 0.015000 -0.594000 -1.000000
-0.592625 -1.000000 == vert 100.000000 2.500000 0.018437 -0.592625 -1.000000
-0.591250 -1.000000 == vert 100.000000 2.500000 0.021875 -0.591250 -1.000000
-0.589875 -1.000000 == vert 100.000000 2.500000 0.025312 -0.589875 -1.000000
-0.588500 -1.000000 == vert 100.000000 2.500000 0.028750 -0.588500 -1.000000
-0.587125 -1.000000 == vert 100.000000 2.500000 0.032187 -0.587125 -1.000000
-0.585750 -1.000000 == vert 100.000000 2.500000 0.035625 -0.585750 -1.000000
-0.584375 -1.000000 == vert 100.000000 2.500000 0.039062 -0.584375 -1.000000
-0.583000 -1.000000 == vert 100.000000 2.500000 0.042500 -0.583000 -1.000000
-0.581625 -1.000000 == vert 100.000000 2.500000 0.045937 -0.581625 -1.000000
-0.580250 -1.000000 == vert 100.000000 2.500000 0.049375 -0.580250 -1.000000
-0.578875 -1.000000 == vert 100.000000 2.500000 0.052812 -0.578875 -1.000000
-0.577500 -1.000000 == vert 100.000000 2.500000 0.056250 -0.577500 -1.000000
-0.576125 -1.000000 == vert 100.000000 2.500000 0.059687 -0.576125 -1.000000
-0.574750 -1.000000 == vert 100.000000 2.500000 0.063125 -0.574750 -1.000000
-0.573375 -1.000000 == vert 100.000000 2.500000 0.066562 -0.573375 -1.000000
-0.572000 -1.000000 == vert 100.000000 2.500000 0.070000 -0.572000 -1.000000
-0.570625 -1.000000 == vert 100.000000 2.500000 0.073437 -0.570625 -1.000000
-0.569250 -1.000000 == vert 100.000000 2.500000 0.076875 -0.569250 -1.000000
-0.567875 -1.000000 == vert 100.000000 2.500000 0.080313 -0.567875 -1.000000
-0.566500 -1.000000 == vert 100.000000 2.500000 0.083750 -0.566500 -1.000000
-0.565125 -1.000000 == vert 100.000000 2.500000 0.087187 -0.565125 -1.000000
-0.563750 -1.000000 == vert 100.000000 2.500000 0.090625 -0.563750 -1.000000
-0.562375 -1.000000 == vert 100.000000 2.500000 0.094063 -0.562375 -1.000000
-0.561000 -1.000000 == vert 100.000000 2.500000 0.097500 -0.561000 -1.000000
-0.559625 -1.000000 == vert 100.000000 2.500000 0.100937 -0.559625 -1.000000
-0.558250 -1.000000 == vert 100.000000 2.500000 0.104375 -0.558250 -1.000000
-0.556875 -1.000000 == vert 100.000000 2.500000 0.107813 -0.556875 -1.000000
-0.555500 -1.000000 == vert 100.000000 2.500000 0.111250 -0.555500 -1.000000
-0.554125 -1.000000 == vert 100.000000 2.500000 0.114687 -0.554125 -1.000000
-0.552750 -1.000000 == vert 100.000000 2.500000 0.118125 -0.552750 -1.000000
-0.551375 -1.000000 == vert 100.000000 2.500000 0.121562 -0.551375 -1.000000
-0.550000 -1.000000 == vert 100.000000 2.500000 0.125000 -0.550000 -1.000000
-0.548625 -1.000000 == vert 100.000000 2.500000 0.128437 -0.548625 -1.000000
-0.547250 -1.000000 == vert 100.000000 2.500000 0.131875 -0.547250 -1.000000
-0.545875 -1.000000 == vert 100.000000 2.500000 0.135312 -0.545875 -1.000000
-0.544500 -1.000000 == vert 100.000000 2.500000 0.138750 -0.544500 -1.000000
-0.543125 -1.000000 == vert 100.000000 2.500000 0.142188 -0.543125 -1.000000
-0.541750 -1.000000 == vert 100.000000 2.500000 0.145625 -0.541750 -1.000000
-0.540375 -1.000000 == vert 100.000000 2.500000 0.149062 -0.540375 -1.000000
-0.539000 -1.000000 == vert 100.000000 2.500000 0.152500 -0.539000 -1.000000
-0.537625 -1.000000 == vert 100.000000 2.500000 0.155937 -0.537625 -1.000000
-0.536250 -1.000000 == vert 100.000000 2.500000 0.159375 -0.536250 -1.000000
-0.534875 -1.000000 == vert 100.000000 2.500000 0.162813 -0.534875 -1.000000
-0.533500 -1.000000 == vert 100.000000 2.500000 0.166250 -0.533500 -1.000000
-0.532125 -1.000000 == vert 100.000000 2.500000 0.169687 -0.532125 -1.000000
-0.530750 -1.000000 == vert 100.000000 2.500000 0.173125 -0.530750 -1.000000
-0.529375 -1.000000 == vert 100.000000 2.500000 0.176562 -0.529375 -1.000000
-0.528000 -1.000000 == vert 100.000000 2.500000 0.180000 -0.528000 -1.000000
-0.526625 -1.000000 == vert 100.000000 2.500000 0.183437 -0.526625 -1.000000
-0.525250 -1.000000 == vert 100.000000 2.500000 0.186875 -0.525250 -1.000000
-0.523875 -1.000000 == vert 100.000000 2.500000 0.190313 -0.523875 -1.000000
-0.522500 -1.000000 == vert 100.000000 2.500000 0.193750 -0.522500 -1.000000
-0.521125 -1.000000 == vert 100.000000 2.500000 0.197187 -0.521125 -1.000000
-0.519750 -1.000000 == vert 100.000000 2.500000 0.200625 -0.519750 -1.000000
-0.518375 -1.000000 == vert 100.000000 2.500000 0.204063 -0.518375 -1.000000
-0.517000 -1.000000 == vert 100.000000 2.500000 0.207500 -0.517000 -1.000000
-0.515625 -1.000000 == vert 100.000000 2.500000 0.210938 -0.515625 -1.000000
-0.514250 -1.000000 == vert 100.000000 2.500000 0.214375 -0.514250 -1.000000
-0.512875 -1.000000 == vert 100.000000 2.500000 0.217812 -0.512875 -1.000000
-0.511500 -1.000000 == vert 100.000000 2.500000 0.221250 -0.511500 -1.000000
-0.510125 -1.000000 == vert 100.000000 2.500000 0.224687 -0.510125 -1.000000
-0.508750 -1.000000 == vert 100.000000 2.500000 0.228125 -0.508750 -1.000000
-0.507375 -1.000000 == vert 100.000000 2.500000 0.231562 -0.507375 -1.000000
-0.506000 -1.000000 == vert 100.000000 2.500000 0.235000 -0.506000 -1.000000
-0.504625 -1.000000 == vert 100.000000 2.500000 0.238437 -0.504625 -1.000000
-0.503250 -1.000000 == vert 100.000000 2.500000 0.241875 -0.503250 -1.000000
-0.501875 -1.000000 == vert 100.000000 2.500000 0.245313 -0.501875 -1.000000
-0.500500 -1.000000 == vert 100.000000 2.500000 0.248750 -0.500500 -1.000000
-0.499125 -1.000000 == vert 100.000000 2.500000 0.252188 -0.499125 -1.000000
-0.497750 -1.000000 == vert 100.000000 2.500000 0.255625 -0.497750 -1.000000
-0.496375 -1.000000 == vert 100.000000 2.500000 0.259062 -0.496375 -1.000000
-0.495000 -1.000000 == vert 100.000000 2.500000 0.262500 -0.495000 -1.000000
-0.493625 -1.000000 == vert 100.000000 2.500000 0.265937 -0.493625 -1.000000
-0.492250 -1.000000 == vert 100.000000 2.500000 0.269375 -0.492250 -1.000000
-0.490875 -1.000000 == vert 100.000000 2.500000 0.272812 -0.490875 -1.000000
-0.489500 -1.000000 == vert 100.000000 2.500000 0.276250 -0.489500 -1.000000
-0.488125 -1.000000 == vert 100.000000 2.500000 0.279688 -0.488125 -1.000000
-0.486750 -1.000000 == vert 100.000000 2.500000 0.283125 -0.486750 -1.000000
-0.485375 -1.000000 == vert 100.000000 2.500000 0.286563 -0.485375 -1.000000
-0.484000 -1.000000 == vert 100.000000 2.500000 0.290000 -0.484000 -1.000000
-0.482625 -1.000000 == vert 100.000000 2.500000 0.293438 -0.482625 -1.000000
-0.481250 -1.000000 == vert 100.000000 2.500000 0.296875 -0.481250 -1.000000
-0.479875 -1.000000 == vert 100.000000 2.500000 0.300312 -0.479875 -1.000000
-0.478500 -1.000000 == vert 100.000000 2.500000 0.303750 -0.478500 -1.000000
-0.477125 -1.000000 == vert 100.000000 2.500000 0.307187 -0.477125 -1.000000
-0.475750 -1.000000 == vert 100.000000 2.500000 0.310625 -0.475750 -1.000000
-0.474375 -1.000000 == vert 100.000000 2.500000 0.314062 -0.474375 -1.000000
-0.473000 -1.000000 == vert 100.000000 2.500000 0.317500 -0.473000 -1.000000
-0.471625 -1.000000 == vert 100.000000 2.500000 0.320937 -0.471625 -1.000000
-0.470250 -1.000000 == vert 100.000000 2.500000 0.324375 -0.470250 -1.000000
-0.468875 -1.000000 == vert 100.000000 2.500000 0.327812 -0.468875 -1.000000
-0.467500 -1.000000 == vert 100.000000 2.500000 0.331250 -0.467500 -1.000000
-0.466125 -1.000000 == vert 100.000000 2.500000 0.334687 -0.466125 -1.000000
-0.464750 -1.000000 == vert 100.000000 2.500000 0.338125 -0.464750 -1.000000
-0.463375 -1.000000 == vert 100.000000 2.500000 0.341562 -0.463375 -1.000000
-0.462000 -1.000000 == vert 100.000000 2.500000 0.345000 -0.462000 -1.000000
-0.460625 -1.000000 == vert 100.000000 2.500000 0.348437 -0.460625 -1.000000
-0.459250 -1.000000 == vert 100.000000 2.500000 0.351875 -0.459250 -1.000000
-0.457875 -1.000000 == vert 100.000000 2.500000 0.355312 -0.457875 -1.000000
-0.456500 -1.000000 == vert 100.000000 2.500000 0.358750 -0.456500 -1.000000
-0.455125 -1.000000 == vert 100.000000 2.500000 0.362188 -0.455125 -1.000000
-0.453750 -1.000000 == vert 100.000000 2.500000 0.365625 -0.453750 -1.000000
-0.452375 -1.000000 == vert 100.000000 2.500000 0.369062 -0.452375 -1.000000
-0.451000 -1.000000 == vert 100.000000 2.500000 0.372500 -0.451000 -1.000000
-0.449625 -1.000000 == vert 100.000000 2.500000 0.375937 -0.449625 -1.000000
-0.448250 -1.000000 == vert 100.000000 2.500000 0.379375 -0.448250 -1.000000
-0.446875 -1.000000 == vert 100.000000 2.500000 0.382812 -0.446875 -1.000000
-0.445500 -1.000000 == vert 100.000000 2.500000 0.386250 -0.445500 -1.000000
-0.444125 -1.000000 == vert 100.000000 2.500000 0.389687 -0.444125 -1.000000
-0.442750 -1.000000 == vert 100.000000 2.500000 0.393125 -0.442750 -1.000000
-0.441375 -1.000000 == vert 100.000000 2.500000 0.396562 -0.441375 -1.000000
-0.440000 -1.000000 == vert 100.000000 2.500000 0.400000 -0.440000 -1.000000
-0.438625 -1.000000 == vert 100.000000 2.500000 0.403438 -0.438625 -1.000000
-0.437250 -1.000000 == vert 100.000000 2.500000 0.406875 -0.437250 -1.000000
-0.435875 -1.000000 == vert 100.000000 2.500000 0.410312 -0.435875 -1.000000
-0.434500 -1.000000 == vert 100.000000 2.500000 0.413750 -0.434500 -1.000000
-0.433125 -1.000000 == vert 100.000000 2.500000 0.417187 -0.433125 -1.000000
-0.431750 -1.000000 == vert 100.000000 2.500000 0.420625 -0.431750 -1.000000
-0.430375 -1.000000 == vert 100.000000 2.500000 0.424063 -0.430375 -1.000000
-0.429000 -1.000000 == vert 100.000000 2.500000 0.427500 -0.429000 -1.000000
-0.427625 -1.000000 == vert 100.000000 2.500000 0.430937 -0.427625 -1.000000
-0.426250 -1.000000 == vert 100.000000 2.500000 0.434375 -0.426250 -1.000000
-0.424875 -1.000000 == vert 100.000000 2.500000 0.437812 -0.424875 -1.000000
-0.423500 -1.000000 == vert 100.000000 2.500000 0.441250 -0.423500 -1.000000
-0.422125 -1.000000 == vert 100.000000 2.500000 0.444687 -0.422125 -1.000000
-0.420750 -1.000000 == vert 100.000000 2.500000 0.448125 -0.420750 -1.000000
-0.419375 -1.000000 == vert 100.000000 2.500000 0.451562 -0.419375 -1.000000
-0.418000 -1.000000 == vert 100.000000 2.500000 0.455000 -0.418000 -1.000000
-0.416625 -1.000000 == vert 100.000000 2.500000 0.458438 -0.416625 -1.000000
-0.415250 -1.000000 == vert 100.000000 2.500000 0.461875 -0.415250 -1.000000
-0.413875 -1.000000 == vert 100.000000 2.500000 0.465313 -0.413875 -1.000000
-0.412500 -1.000000 == vert 100.000000 2.500000 0.468750 -0.412500 -1.000000
-0.411125 -1.000000 == vert 100.000000 2.500000 0.472187 -0.411125 -1.000000
-0.409750 -1.000000 == vert 100.000000 2.500000 0.475625 -0.409750 -1.000000
-0.408375 -1.000000 == vert 100.000000 2.500000 0.479062 -0.408375 -1.000000
-0.407000 -1.000000 == vert 100.000000 2.500000 0.482500 -0.407000 -1.000000
-0.405625 -1.000000 == vert 100.000000 2.500000 0.485938 -0.405625 -1.000000
-0.404250 -1.000000 == vert 100.000000 2.500000 0.489375 -0.404250 -1.000000
-0.402875 -1.000000 == vert 100.000000 2.500000 0.492813 -0.402875 -1.000000
-0.401500 -1.000000 == vert 100.000000 2.500000 0.496250 -0.401500 -1.000000
-0.400125 -1.000000 == vert 100.000000 2.500000 0.499688 -0.400125 -1.000000
-0.398750 -1.000000 == vert 100.000000 2.500000 0.503125 -0.398750 -1.000000
-0.397375 -1.000000 == vert 100.000000 2.500000 0.506563 -0.397375 -1.000000
-0.396000 -1.000000 == vert 100.000000 2.500000 0.510000 -0.396000 -1.000000
-0.394625 -1.000000 == vert 100.000000 2.500000 0.513437 -0.394625 -1.000000
-0.393250 -1.000000 == vert 100.000000 2.500000 0.516875 -0.393250 -1.000000
-0.391875 -1.000000 == vert 100.000000 2.500000 0.520312 -0.391875 -1.000000
-0.390500 -1.000000 == vert 100.000000 2.500000 0.523750 -0.390500 -1.000000
-0.389125 -1.000000 == vert 100.000000 2.500000 0.527187 -0.389125 -1.000000
-0.387750 -1.000000 == vert 100.000000 2.500000 0.530625 -0.387750 -1.000000
-0.386375 -1.000000 == vert 100.000000 2.500000 0.534062 -0.386375 -1.000000
-0.385000 -1.000000 == vert 100.000000 2.500000 0.537500 -0.385000 -1.000000
-0.383625 -1.000000 == vert 100.000000 2.500000 0.540937 -0.383625 -1.000000
-0.382250 -1.000000 == vert 100.000000 2.500000 0.544375 -0.382250 -1.000000
-0.380875 -1.000000 == vert 100.000000 2.500000 0.547812 -0.380875 -1.000000
-0.379500 -1.000000 == vert 100.000000 2.500000 0.551250 -0.379500 -1.000000
-0.378125 -1.000000 == vert 100.000000 2.500000 0.554688 -0.378125 -1.000000
-0.376750 -1.000000 == vert 100.000000 2.500000 0.558125 -0.376750 -1.000000
-0.375375 -1.000000 == vert 100.000000 2.500000 0.561562 -0.375375 -1.000000
-0.374000 -1.000000 == vert 100.000000 2.500000 0.565000 -0.374000 -1.000000
-0.372625 -1.000000 == vert 100.000000 2.500000 0.568437 -0.372625 -1.000000
-0.371250 -1.000000 == vert 100.000000 2.500000 0.571875 -0.371250 -1.000000
-0.369875 -1.000000 == vert 100.000000 2.500000 0.575312 -0.369875 -1.000000
-0.368500 -1.000000 == vert 100.000000 2.500000 0.578750 -0.368500 -1.000000
-0.367125 -1.000000 == vert 100.000000 2.500000 0.582187 -0.367125 -1.000000
-0.365750 -1.000000 == vert 100.000000 2.500000 0.585625 -0.365750 -1.000000
-0.364375 -1.000000 == vert 100.000000 2.500000 0.589063 -0.364375 -1.000000
-0.363000 -1.000000 == vert 100.000000 2.500000 0.592500 -0.363000 -1.000000
-0.361625 -1.000000 == vert 100.000000 2.500000 0.595938 -0.361625 -1.000000
-0.360250 -1.000000 == vert 100.000000 2.500000 0.599375 -0.360250 -1.000000
-0.358875 -1.000000 == vert 100.000000 2.500000 0.602812 -0.358875 -1.000000
-0.357500 -1.000000 == vert 100.000000 2.500000 0.606250 -0.357500 -1.000000
-0.356125 -1.000000 == vert 100.000000 2.500000 0.609687 -0.356125 -1.000000
-0.354750 -1.000000 == vert 100.000000 2.500000 0.613125 -0.354750 -1.000000
-0.353375 -1.000000 == vert 100.000000 2.500000 0.616563 -0.353375 -1.000000
-0.352000 -1.000000 == vert 100.000000 2.500000 0.620000 -0.352000 -1.000000
-0.350625 -1.000000 == vert 100.000000 2.500000 0.623438 -0.350625 -1.000000
-0.349250 -1.000000 == vert 100.000000 2.500000 0.626875 -0.349250 -1.000000
-0.347875 -1.000000 == vert 100.000000 2.500000 0.630312 -0.347875 -1.000000
-0.346500 -1.000000 == vert 100.000000 2.500000 0.633750 -0.346500 -1.000000
-0.345125 -1.000000 == vert 100.000000 2.500000 0.637188 -0.345125 -1.000000
-0.343750 -1.000000 == vert 100.000000 2.500000 0.640625 -0.343750 -1.000000
-0.342375 -1.000000 == vert 100.000000 2.500000 0.644062 -0.342375 -1.000000
-0.341000 -1.000000 == vert 100.000000 2.500000 0.647500 -0.341000 -1.000000
-0.339625 -1.000000 == vert 100.000000 2.500000 0.650937 -0.339625 -1.000000
-0.338250 -1.000000 == vert 100.000000 2.500000 0.654375 -0.338250 -1.000000
-0.336875 -1.000000 == vert 100.000000 2.500000 0.657812 -0.336875 -1.000000
-0.335500 -1.000000 == vert 100.000000 2.500000 0.661250 -0.335500 -1.000000
-0.334125 -1.000000 == vert 100.000000 2.500000 0.664687 -0.334125 -1.000000
-0.332750 -1.000000 == vert 100.000000 1.500000 0.000875 -0.332750 -1.000000
-0.331375 -1.000000 == vert 100.000000 1.500000 0.002937 -0.331375 -1.000000
-0.330000 -1.000000 == vert 100.000000 1.500000 0.005000 -0.330000 -1.000000
-0.328625 -1.000000 == vert 100.000000 1.500000 0.007062 -0.328625 -1.000000
-0.327250 -1.000000 == vert 100.000000 1.500000 0.009125 -0.327250 -1.000000
-0.325875 -1.000000 == vert 100.000000 1.500000 0.011188 -0.325875 -1.000000
-0.324500 -1.000000 == vert 100.000000 1.500000 0.013250 -0.324500 -1.000000
-0.323125 -1.000000 == vert 100.000000 1.500000 0.015312 -0.323125 -1.000000
-0.321750 -1.000000 == vert 100.000000 1.500000 0.017375 -0.321750 -1.000000
-0.320375 -1.000000 == vert 100.000000 1.500000 0.019437 -0.320375 -1.000000
-0.319000 -1.000000 == vert 100.000000 1.500000 0.021500 -0.319000 -1.000000
-0.317625 -1.000000 == vert 100.000000 1.500000 0.023563 -0.317625 -1.000000
-0.316250 -1.000000 == vert 100.000000 1.500000 0.025625 -0.316250 -1.000000
-0.314875 -1.000000 == vert 100.000000 1.500000 0.027687 -0.314875 -1.000000
-0.313500 -1.000000 == vert 100.000000 1.500000 0.029750 -0.313500 -1.000000
-0.312125 -1.000000 == vert 100.000000 1.500000 0.031813 -0.312125 -1.000000
-0.310750 -1.000000 == vert 100.000000 1.500000 0.033875 -0.310750 -1.000000
-0.309375 -1.000000 == vert 100.000000 1.500000 0.035938 -0.309375 -1.000000
-0.308000 -1.000000 == vert 100.000000 1.500000 0.038000 -0.308000 -1.000000
-0.306625 -1.000000 == vert 100.000000 1.500000 0.040062 -0.306625 -1.000000
-0.305250 -1.000000 == vert 100.000000 1.500000 0.042125 -0.305250 -1.000000
-0.303875 -1.000000 == vert 100.000000 1.500000 0.044188 -0.303875 -1.000000
-0.302500 -1.000000 == vert 100.000000 1.500000 0.046250 -0.302500 -1.000000
-0.301125 -1.000000 == vert 100.000000 1.500000 0.048312 -0.301125 -1.000000
-0.299750 -1.000000 == vert 100.000000 1.500000 0.050375 -0.299750 -1.000000
-0.298375 -1.000000 == vert 100.000000 1.500000 0.052437 -0.298375 -1.000000
-0.297000 -1.000000 == vert 100.000000 1.500000 0.054500 -0.297000 -1.000000
-0.295625 -1.000000 == vert 100.000000 1.500000 0.056563 -0.295625 -1.000000
-0.294250 -1.000000 == vert 100.000000 1.500000 0.058625 -0.294250 -1.000000
-0.292875 -1.000000 == vert 100.000000 1.500000 0.060688 -0.292875 -1.000000
-0.291500 -1.000000 == vert 100.000000 1.500000 0.062750 -0.291500 -1.000000
-0.290125 -1.000000 == vert 100.000000 1.500000 0.064812 -0.290125 -1.000000
-0.288750 -1.000000 == vert 100.000000 1.500000 0.066875 -0.288750 -1.000000
-0.287375 -1.000000 == vert 100.000000 1.500000 0.068938 -0.287375 -1.000000
-0.286000 -1.000000 == vert 100.000000 1.500000 0.071000 -0.286000 -1.000000
-0.284625 -1.000000 == vert 100.000000 1.500000 0.073062 -0.284625 -1.000000
-0.283250 -1.000000 == vert 100.000000 1.500000 0.075125 -0.283250 -1.000000
-0.281875 -1.000000 == vert 100.000000 1.500000 0.077187 -0.281875 -1.000000
-0.280500 -1.000000 == vert 100.000000 1.500000 0.079250 -0.280500 -1.000000
-0.279125 -1.000000 == vert 100.000000 1.500000 0.081313 -0.279125 -1.000000
-0.277750 -1.000000 == vert 100.000000 1.500000 0.083375 -0.277750 -1.000000
-0.276375 -1.000000 == vert 100.000000 1.500000 0.085438 -0.276375 -1.000000
-0.275000 -1.000000 == vert 100.000000 1.500000 0.087500 -0.275000 -1.000000
-0.273625 -1.000000 == vert 100.000000 1.500000 0.089562 -0.273625 -1.000000
-0.272250 -1.000000 == vert 100.000000 1.500000 0.091625 -0.272250 -1.000000
-0.270875 -1.000000 == vert 100.000000 1.500000 0.093688 -0.270875 -1.000000
-0.269500 -1.000000 == vert 100.000000 1.500000 0.095750 -0.269500 -1.000000
-0.268125 -1.000000 == vert 100.000000 1.500000 0.097812 -0.268125 -1.000000
-0.266750 -1.000000 == vert 100.000000 1.500000 0.099875 -0.266750 -1.000000
-0.265375 -1.000000 == vert 100.000000 1.500000 0.101938 -0.265375 -1.000000
-0.264000 -1.000000 == vert 100.000000 1.500000 0.104000 -0.264000 -1.000000
-0.262625 -1.000000 == vert 100.000000 1.500000 0.106063 -0.262625 -1.000000
-0.261250 -1.000000 == vert 100.000000 1.500000 0.108125 -0.261250 -1.000000
-0.259875 -1.000000 == vert 100.000000 1.500000 0.110187 -0.259875 -1.000000
-0.258500 -1.000000 == vert 100.000000 1.500000 0.112250 -0.258500 -1.000000
-0.257125 -1.000000 == vert 100.000000 1.500000 0.114313 -0.257125 -1.000000
-0.255750 -1.000000 == vert 100.000000 1.500000 0.116375 -0.255750 -1.000000
-0.254375 -1.000000 == vert 100.000000 1.500000 0.118438 -0.254375 -1.000000
-0.253000 -1.000000 == vert 100.000000 1.500000 0.120500 -0.253000 -1.000000
-0.251625 -1.000000 == vert 100.000000 1.500000 0.122562 -0.251625 -1.000000
-0.250250 -1.000000 == vert 100.000000 1.500000 0.124625 -0.250250 -1.000000
-0.248875 -1.000000 == vert 100.000000 1.500000 0.126688 -0.248875 -1.000000
-0.247500 -1.000000 == vert 100.000000 1.500000 0.128750 -0.247500 -1.000000
-0.246125 -1.000000 == vert 100.000000 1.500000 0.130813 -0.246125 -1.000000
-0.244750 -1.000000 == vert 100.000000 1.500000 0.132875 -0.244750 -1.000000
-0.243375 -1.000000 == vert 100.000000 1.500000 0.134937 -0.243375 -1.000000
-0.242000 -1.000000 == vert 100.000000 1.500000 0.137000 -0.242000 -1.000000
-0.240625 -1.000000 == vert 100.000000 1.500000 0.139063 -0.240625 -1.000000
-0.239250 -1.000000 == vert 100.000000 1.500000 0.141125 -0.239250 -1.000000
-0.237875 -1.000000 == vert 100.000000 1.500000 0.143187 -0.237875 -1.000000
-0.236500 -1.000000 == vert 100.000000 1.500000 0.145250 -0.236500 -1.000000
-0.235125 -1.000000 == vert 100.000000 1.500000 0.147312 -0.235125 -1.000000
-0.233750 -1.000000 == vert 100.000000 1.500000 0.149375 -0.233750 -1.000000
-0.232375 -1.000000 == vert 100.000000 1.500000 0.151438 -0.232375 -1.000000
-0.231000 -1.000000 == vert 100.000000 1.500000 0.153500 -0.231000 -1.000000
-0.229625 -1.000000 == vert 100.000000 1.500000 0.155562 -0.229625 -1.000000
-0.228250 -1.000000 == vert 100.000000 1.500000 0.157625 -0.228250 -1.000000
-0.226875 -1.000000 == vert 100.000000 1.500000 0.159687 -0.226875 -1.000000
-0.225500 -1.000000 == vert 100.000000 1.500000 0.161750 -0.225500 -1.000000
-0.224125 -1.000000 == vert 100.000000 1.500000 0.163813 -0.224125 -1.000000
-0.222750 -1.000000 == vert 100.000000 1.500000 0.165875 -0.222750 -1.000000
-0.221375 -1.000000 == vert 100.000000 1.500000 0.167937 -0.221375 -1.000000
-0.220000 -1.000000 == vert 100.000000 1.500000 0.170000 -0.220000 -1.000000
-0.218625 -1.000000 == vert 100.000000 1.500000 0.172063 -0.218625 -1.000000
-0.217250 -1.000000 == vert 100.000000 1.500000 0.174125 -0.217250 -1.000000
-0.215875 -1.000000 == vert 100.000000 1.500000 0.176188 -0.215875 -1.000000
-0.214500 -1.000000 == vert 100.000000 1.500000 0.178250 -0.214500 -1.000000
-0.213125 -1.000000 == vert 100.000000 1.500000 0.180312 -0.213125 -1.000000
-0.211750 -1.000000 == vert 100.000000 1.500000 0.182375 -0.211750 -1.000000
-0.210375 -1.000000 == vert 100.000000 1.500000 0.184438 -0.210375 -1.000000
-0.209000 -1.000000 == vert 100.000000 1.500000 0.186500 -0.209000 -1.000000
-0.207625 -1.000000 == vert 100.000000 1.500000 0.188562 -0.207625 -1.000000
-0.206250 -1.000000 == vert 100.000000 1.500000 0.190625 -0.206250 -1.000000
-0.204875 -1.000000 == vert 100.000000 1.500000 0.192687 -0.204875 -1.000000
-0.203500 -1.000000 == vert 100.000000 1.500000 0.194750 -0.203500 -1.000000
-0.202125 -1.000000 == vert 100.000000 1.500000 0.196813 -0.202125 -1.000000
-0.200750 -1.000000 == vert 100.000000 1.500000 0.198875 -0.200750 -1.000000
-0.199375 -1.000000 == vert 100.000000 1.500000 0.200938 -0.199375 -1.000000
-0.198000 -1.000000 == vert 100.000000 1.500000 0.203000 -0.198000 -1.000000
-0.196625 -1.000000 == vert 100.000000 1.500000 0.205062 -0.196625 -1.000000
-0.195250 -1.000000 == vert 100.000000 1.500000 0.207125 -0.195250 -1.000000
-0.193875 -1.000000 == vert 100.000000 1.500000 0.209188 -0.193875 -1.000000
-0.192500 -1.000000 == vert 100.000000 1.500000 0.211250 -0.192500 -1.000000
-0.191125 -1.000000 == vert 100.000000 1.500000 0.213312 -0.191125 -1.000000
-0.189750 -1.000000 == vert 100.000000 1.500000 0.215375 -0.189750 -1.000000
-0.188375 -1.000000 == vert 100.000000 1.500000 0.217437 -0.188375 -1.000000
-0.187000 -1.000000 == vert 100.000000 1.500000 0.219500 -0.187000 -1.000000
-0.185625 -1.000000 == vert 100.000000 1.500000 0.221563 -0.185625 -1.000000
-0.184250 -1.000000 == vert 100.000000 1.500000 0.223625 -0.184250 -1.000000
-0.182875 -1.000000 == vert 100.000000 1.500000 0.225687 -0.182875 -1.000000
-0.181500 -1.000000 == vert 100.000000 1.500000 0.227750 -0.181500 -1.000000
-0.180125 -1.000000 == vert 100.000000 1.500000 0.229812 -0.180125 -1.000000
-0.178750 -1.000000 == vert 100.000000 1.500000 0.231875 -0.178750 -1.000000
-0.177375 -1.000000 == vert 100.000000 1.500000 0.233938 -0.177375 -1.000000
-0.176000 -1.000000 == vert 100.000000 1.500000 0.236000 -0.176000 -1.000000
-0.174625 -1.000000 == vert 100.000000 1.500000 0.238062 -0.174625 -1.000000
-0.173250 -1.000000 == vert 100.000000 1.500000 0.240125 -0.173250 -1.000000
-0.171875 -1.000000 == vert 100.000000 1.500000 0.242188 -0.171875 -1.000000
-0.170500 -1.000000 == vert 100.000000 1.500000 0.244250 -0.170500 -1.000000
-0.169125 -1.000000 == vert 100.000000 1.500000 0.246313 -0.169125 -1.000000
-0.167750 -1.000000 == vert 100.000000 1.500000 0.248375 -0.167750 -1.000000
-0.166375 -1.000000 == vert 100.000000 1.500000 0.250437 -0.166375 -1.000000
-0.165000 -1.000000 == vert 100.000000 1.500000 0.252500 -0.165000 -1.000000
-0.163625 -1.000000 == vert 100.000000 1.500000 0.254563 -0.163625 -1.000000
-0.162250 -1.000000 == vert 100.000000 1.500000 0.256625 -0.162250 -1.000000
-0.160875 -1.000000 == vert 100.000000 1.500000 0.258687 -0.160875 -1.000000
-0.159500 -1.000000 == vert 100.000000 1.500000 0.260750 -0.159500 -1.000000
-0.158125 -1.000000 == vert 100.000000 1.500000 0.262812 -0.158125 -1.000000
-0.156750 -1.000000 == vert 100.000000 1.500000 0.264875 -0.156750 -1.000000
-0.155375 -1.000000 == vert 100.000000 1.500000 0.266938 -0.155375 -1.000000
-0.154000 -1.000000 == vert 100.000000 1.500000 0.269000 -0.154000 -1.000000
-0.152625 -1.000000 == vert 100.000000 1.500000 0.271063 -0.152625 -1.000000
-0.151250 -1.000000 == vert 100.000000 1.500000 0.273125 -0.151250 -1.000000
-0.149875 -1.000000 == vert 100.000000 1.500000 0.275187 -0.149875 -1.000000
-0.148500 -1.000000 == vert 100.000000 1.500000 0.277250 -0.148500 -1.000000
-0.147125 -1.000000 == vert 100.000000 1.500000 0.279313 -0.147125 -1.000000
-0.145750 -1.000000 == vert 100.000000 1.500000 0.281375 -0.145750 -1.000000
-0.144375 -1.000000 == vert 100.000000 1.500000 0.283437 -0.144375 -1.000000
-0.143000 -1.000000 == vert 100.000000 1.500000 0.285500 -0.143000 -1.000000
-0.141625 -1.000000 == vert 100.000000 1.500000 0.287562 -0.141625 -1.000000
-0.140250 -1.000000 == vert 100.000000 1.500000 0.289625 -0.140250 -1.000000
-0.138875 -1.000000 == vert 100.000000 1.500000 0.291688 -0.138875 -1.000000
-0.137500 -1.000000 == vert 100.000000 1.500000 0.293750 -0.137500 -1.000000
-0.136125 -1.000000 == vert 100.000000 1.500000 0.295812 -0.136125 -1.000000
-0.134750 -1.000000 == vert 100.000000 1.500000 0.297875 -0.134750 -1.000000
-0.133375 -1.000000 == vert 100.000000 1.500000 0.299937 -0.133375 -1.000000
-0.132000 -1.000000 == vert 100.000000 1.500000 0.302000 -0.132000 -1.000000
-0.130625 -1.000000 == vert 100.000000 1.500000 0.304063 -0.130625 -1.000000
-0.129250 -1.000000 == vert 100.000000 1.500000 0.306125 -0.129250 -1.000000
-0.127875 -1.000000 == vert 100.000000 1.500000 0.308187 -0.127875 -1.000000
-0.126500 -1.000000 == vert 100.000000 1.500000 0.310250 -0.126500 -1.000000
-0.125125 -1.000000 == vert 100.000000 1.500000 0.312312 -0.125125 -1.000000
-0.123750 -1.000000 == vert 100.000000 1.500000 0.314375 -0.123750 -1.000000
-0.122375 -1.000000 == vert 100.000000 1.500000 0.316438 -0.122375 -1.000000
-0.121000 -1.000000 == vert 100.000000 1.500000 0.318500 -0.121000 -1.000000
-0.119625 -1.000000 == vert 100.000000 1.500000 0.320562 -0.119625 -1.000000
-0.118250 -1.000000 == vert 100.000000 1.500000 0.322625 -0.118250 -1.000000
-0.116875 -1.000000 == vert 100.000000 1.500000 0.324688 -0.116875 -1.000000
-0.115500 -1.000000 == vert 100.000000 1.500000 0.326750 -0.115500 -1.000000
-0.114125 -1.000000 == vert 100.000000 1.500000 0.328812 -0.114125 -1.000000
-0.112750 -1.000000 == vert 100.000000 1.500000 0.330875 -0.112750 -1.000000
-0.111375 -1.000000 == vert 100.000000 1.500000 0.332937 -0.111375 -1.000000
-0.110000 -1.000000 == vert 100.000000 1.500000 0.335000 -0.110000 -1.000000
-0.108625 -1.000000 == vert 100.000000 1.500000 0.337063 -0.108625 -1.000000
-0.107250 -1.000000 == vert 100.000000 1.500000 0.339125 -0.107250 -1.000000
-0.105875 -1.000000 == vert 100.000000 1.500000 0.341188 -0.105875 -1.000000
-0.104500 -1.000000 == vert 100.000000 1.500000 0.343250 -0.104500 -1.000000
-0.103125 -1.000000 == vert 100.000000 1.500000 0.345312 -0.103125 -1.000000
-0.101750 -1.000000 == vert 100.000000 1.500000 0.347375 -0.101750 -1.000000
-0.100375 -1.000000 == vert 100.000000 1.500000 0.349438 -0.100375 -1.000000
-0.099000 -1.000000 == vert 100.000000 1.500000 0.351500 -0.099000 -1.000000
-0.097625 -1.000000 == vert 100.000000 1.500000 0.353562 -0.097625 -1.000000
-0.096250 -1.000000 == vert 100.000000 1.500000 0.355625 -0.096250 -1.000000
-0.094875 -1.000000 == vert 100.000000 1.500000 0.357687 -0.094875 -1.000000
-0.093500 -1.000000 == vert 100.000000 1.500000 0.359750 -0.093500 -1.000000
-0.092125 -1.000000 == vert 100.000000 1.500000 0.361813 -0.092125 -1.000000
-0.090750 -1.000000 == vert 100.000000 1.500000 0.363875 -0.090750 -1.000000
-0.089375 -1.000000 == vert 100.000000 1.500000 0.365938 -0.089375 -1.000000
-0.088000 -1.000000 == vert 100.000000 1.500000 0.368000 -0.088000 -1.000000
-0.086625 -1.000000 == vert 100.000000 1.500000 0.370062 -0.086625 -1.000000
-0.085250 -1.000000 == vert 100.000000 1.500000 0.372125 -0.085250 -1.000000
-0.083875 -1.000000 == vert 100.000000 1.500000 0.374188 -0.083875 -1.000000
-0.082500 -1.000000 == vert 100.000000 1.500000 0.376250 -0.082500 -1.000000
-0.081125 -1.000000 == vert 100.000000 1.500000 0.378312 -0.081125 -1.000000
-0.079750 -1.000000 == vert 100.000000 1.500000 0.380375 -0.079750 -1.000000
-0.078375 -1.000000 == vert 100.000000 1.500000 0.382437 -0.078375 -1.000000
-0.077000 -1.000000 == vert 100.000000 1.500000 0.384500 -0.077000 -1.000000
-0.075625 -1.000000 == vert 100.000000 1.500000 0.386563 -0.075625 -1.000000
-0.074250 -1.000000 == vert 100.000000 1.500000 0.388625 -0.074250 -1.000000
-0.072875 -1.000000 == vert 100.000000 1.500000 0.390687 -0.072875 -1.000000
-0.071500 -1.000000 == vert 100.000000 1.500000 0.392750 -0.071500 -1.000000
-0.070125 -1.000000 == vert 100.000000 1.500000 0.394813 -0.070125 -1.000000
-0.068750 -1.000000 == vert 100.000000 1.500000 0.396875 -0.068750 -1.000000
-0.067375 -1.000000 == vert 100.000000 1.500000 0.398938 -0.067375 -1.000000
-0.066000 -1.000000 == vert 100.000000 1.500000 0.401000 -0.066000 -1.000000
-0.064625 -1.000000 == vert 100.000000 1.500000 0.403062 -0.064625 -1.000000
-0.063250 -1.000000 == vert 100.000000 1.500000 0.405125 -0.063250 -1.000000
-0.061875 -1.000000 == vert 100.000000 1.500000 0.407188 -0.061875 -1.000000
-0.060500 -1.000000 == vert 100.000000 1.500000 0.409250 -0.060500 -1.000000
-0.059125 -1.000000 == vert 100.000000 1.500000 0.411313 -0.059125 -1.000000
-0.057750 -1.000000 == vert 100.000000 1.500000 0.413375 -0.057750 -1.000000
-0.056375 -1.000000 == vert 100.000000 1.500000 0.415437 -0.056375 -1.000000
-0.055000 -1.000000 == vert 100.000000 1.500000 0.417500 -0.055000 -1.000000
-0.053625 -1.000000 == vert 100.000000 1.500000 0.419563 -0.053625 -1.000000
-0.052250 -1.000000 == vert 100.000000 1.500000 0.421625 -0.052250 -1.000000
-0.050875 -1.000000 == vert 100.000000 1.500000 0.423688 -0.050875 -1.000000
-0.049500 -1.000000 == vert 100.000000 1.500000 0.425750 -0.049500 -1.000000
-0.048125 -1.000000 == vert 100.000000 1.500000 0.427812 -0.048125 -1.000000
-0.046750 -1.000000 == vert 100.000000 1.500000 0.429875 -0.046750 -1.000000
-0.045375 -1.000000 == vert 100.000000 1.500000 0.431938 -0.045375 -1.000000
-0.044000 -1.000000 == vert 100.000000 1.500000 0.434000 -0.044000 -1.000000
-0.042625 -1.000000 == vert 100.000000 1.500000 0.436062 -0.042625 -1.000000
-0.041250 -1.000000 == vert 100.000000 1.500000 0.438125 -0.041250 -1.000000
-0.039875 -1.000000 == vert 100.000000 1.500000 0.440187 -0.039875 -1.000000
-0.038500 -1.000000 == vert 100.000000 1.500000 0.442250 -0.038500 -1.000000
-0.037125 -1.000000 == vert 100.000000 1.500000 0.444313 -0.037125 -1.000000
-0.035750 -1.000000 == vert 100.000000 1.500000 0.446375 -0.035750 -1.000000
-0.034375 -1.000000 == vert 100.000000 1.500000 0.448437 -0.034375 -1.000000
-0.033000 -1.000000 == vert 100.000000 1.500000 0.450500 -0.033000 -1.000000
-0.031625 -1.000000 == vert 100.000000 1.500000 0.452562 -0.031625 -1.000000
-0.030250 -1.000000 == vert 100.000000 1.500000 0.454625 -0.030250 -1.000000
-0.028875 -1.000000 == vert 100.000000 1.500000 0.456688 -0.028875 -1.000000
-0.027500 -1.000000 == vert 100.000000 1.500000 0.458750 -0.027500 -1.000000
-0.026125 -1.000000 == vert 100.000000 1.500000 0.460812 -0.026125 -1.000000
-0.024750 -1.000000 == vert 100.000000 1.500000 0.462875 -0.024750 -1.000000
-0.023375 -1.000000 == vert 100.000000 1.500000 0.464938 -0.023375 -1.000000
-0.022000 -1.000000 == vert 100.000000 1.500000 0.467000 -0.022000 -1.000000
-0.020625 -1.000000 == vert 100.000000 1.500000 0.469063 -0.020625 -1.000000
-0.019250 -1.000000 == vert 100.000000 1.500000 0.471125 -0.019250 -1.000000
-0.017875 -1.000000 == vert 100.000000 1.500000 0.473187 -0.017875 -1.000000
-0.016500 -1.000000 == vert 100.000000 1.500000 0.475250 -0.016500 -1.000000
-0.015125 -1.000000 == vert 100.000000 1.500000 0.477313 -0.015125 -1.000000
-0.013750 -1.000000 == vert 100.000000 1.500000 0.479375 -0.013750 -1.000000
-0.012375 -1.000000 == vert 100.000000 1.500000 0.481437 -0.012375 -1.000000
-0.011000 -1.000000 == vert 100.000000 1.500000 0.483500 -0.011000 -1.000000
-0.009625 -1.000000 == vert 100.000000 1.500000 0.485562 -0.009625 -1.000000
-0.008250 -1.000000 == vert 100.000000 1.500000 0.487625 -0.008250 -1.000000
-0.006875 -1.000000 == vert 100.000000 1.500000 0.489688 -0.006875 -1.000000
-0.005500 -1.000000 == vert 100.000000 1.500000 0.491750 -0.005500 -1.000000
-0.004125 -1.000000 == vert 100.000000 1.500000 0.493813 -0.004125 -1.000000
-0.002750 -1.000000 == vert 100.000000 1.500000 0.495875 -0.002750 -1.000000
-0.001375 -1.000000 == vert 100.000000 1.500000 0.497937 -0.001375 -1.000000
0.000000 -1.000000 == vert 100.000000 1.500000 0.500000 0.000000 -1.000000
0.001375 -1.000000 == vert 100.000000 1.500000 0.502063 0.001375 -1.000000
0.002750 -1.000000 == vert 100.000000 1.500000 0.504125 0.002750 -1.000000
0.004125 -1.000000 == vert 100.000000 1.500000 0.506188 0.004125 -1.000000
0.005500 -1.000000 == vert 100.000000 1.500000 0.508250 0.005500 -1.000000
0.006875 -1.000000 == vert 100.000000 1.500000 0.510312 0.006875 -1.000000
0.008250 -1.000000 == vert 100.000000 1.500000 0.512375 0.008250 -1.000000
0.009625 -1.000000 == vert 100.000000 1.500000 0.514438 0.009625 -1.000000
0.011000 -1.000000 == vert 100.000000 1.500000 0.516500 0.011000 -1.000000
0.012375 -1.000000 == vert 100.000000 1.500000 0.518563 0.012375 -1.000000
0.013750 -1.000000 == vert 100.000000 1.500000 0.520625 0.013750 -1.000000
0.015125 -1.000000 == vert 100.000000 1.500000 0.522687 0.015125 -1.000000
0.016500 -1.000000 == vert 100.000000 1.500000 0.524750 0.016500 -1.000000
0.017875 -1.000000 == vert 100.000000 1.500000 0.526813 0.017875 -1.000000
0.019250 -1.000000 == vert 100.000000 1.500000 0.528875 0.019250 -1.000000
0.020625 -1.000000 == vert 100.000000 1.500000 0.530937 0.020625 -1.000000
0.022000 -1.000000 == vert 100.000000 1.500000 0.533000 0.022000 -1.000000
0.023375 -1.000000 == vert 100.000000 1.500000 0.535062 0.023375 -1.000000
0.024750 -1.000000 == vert 100.000000 1.500000 0.537125 0.024750 -1.000000
0.026125 -1.000000 == vert 100.000000 1.500000 0.539188 0.026125 -1.000000
0.027500 -1.000000 == vert 100.000000 1.500000 0.541250 0.027500 -1.000000
0.028875 -1.000000 == vert 100.000000 1.500000 0.543312 0.028875 -1.000000
0.030250 -1.000000 == vert 100.000000 1.500000 0.545375 0.030250 -1.000000
0.031625 -1.000000 == vert 100.000000 1.500000 0.547438 0.031625 -1.000000
0.033000 -1.000000 == vert 100.000000 1.500000 0.549500 0.033000 -1.000000
0.034375 -1.000000 == vert 100.000000 1.500000 0.551562 0.034375 -1.000000
0.035750 -1.000000 == vert 100.000000 1.500000 0.553625 0.035750 -1.000000
0.037125 -1.000000 == vert 100.000000 1.500000 0.555687 0.037125 -1.000000
0.038500 -1.000000 == vert 100.000000 1.500000 0.557750 0.038500 -1.000000
0.039875 -1.000000 == vert 100.000000 1.500000 0.559813 0.039875 -1.000000
0.041250 -1.000000 == vert 100.000000 1.500000 0.561875 0.041250 -1.000000
0.042625 -1.000000 == vert 100.000000 1.500000 0.563938 0.042625 -1.000000
0.044000 -1.000000 == vert 100.000000 1.500000 0.566000 0.044000 -1.000000
0.045375 -1.000000 == vert 100.000000 1.500000 0.568062 0.045375 -1.000000
0.046750 -1.000000 == vert 100.000000 1.500000 0.570125 0.046750 -1.000000
0.048125 -1.000000 == vert 100.000000 1.500000 0.572188 0.048125 -1.000000
0.049500 -1.000000 == vert 100.000000 1.500000 0.574250 0.049500 -1.000000
0.050875 -1.000000 == vert 100.000000 1.500000 0.576313 0.050875 -1.000000
0.052250 -1.000000 == vert 100.000000 1.500000 0.578375 0.052250 -1.000000
0.053625 -1.000000 == vert 100.000000 1.500000 0.580437 0.053625 -1.000000
0.055000 -1.000000 == vert 100.000000 1.500000 0.582500 0.055000 -1.000000
0.056375 -1.000000 == vert 100.000000 1.500000 0.584563 0.056375 -1.000000
0.057750 -1.000000 == vert 100.000000 1.500000 0.586625 0.057750 -1.000000
0.059125 -1.000000 == vert 100.000000 1.500000 0.588687 0.059125 -1.000000
0.060500 -1.000000 == vert 100.000000 1.500000 0.590750 0.060500 -1.000000
0.061875 -1.000000 == vert 100.000000 1.500000 0.592812 0.061875 -1.000000
0.063250 -1.000000 == vert 100.000000 1.500000 0.594875 0.063250 -1.000000
0.064625 -1.000000 == vert 100.000000 1.500000 0.596938 0.064625 -1.000000
0.066000 -1.000000 == vert 100.000000 1.500000 0.599000 0.066000 -1.000000
0.067375 -1.000000 == vert 100.000000 1.500000 0.601062 0.067375 -1.000000
0.068750 -1.000000 == vert 100.000000 1.500000 0.603125 0.068750 -1.000000
0.070125 -1.000000 == vert 100.000000 1.500000 0.605187 0.070125 -1.000000
0.071500 -1.000000 == vert 100.000000 1.500000 0.607250 0.071500 -1.000000
0.072875 -1.000000 == vert 100.000000 1.500000 0.609313 0.072875 -1.000000
0.074250 -1.000000 == vert 100.000000 1.500000 0.611375 0.074250 -1.000000
0.075625 -1.000000 == vert 100.000000 1.500000 0.613437 0.075625 -1.000000
0.077000 -1.000000 == vert 100.000000 1.500000 0.615500 0.077000 -1.000000
0.078375 -1.000000 == vert 100.000000 1.500000 0.617563 0.078375 -1.000000
0.079750 -1.000000 == vert 100.000000 1.500000 0.619625 0.079750 -1.000000
0.081125 -1.000000 == vert 100.000000 1.500000 0.621687 0.081125 -1.000000
0.082500 -1.000000 == vert 100.000000 1.500000 0.623750 0.082500 -1.000000
0.083875 -1.000000 == vert 100.000000 1.500000 0.625813 0.083875 -1.000000
0.085250 -1.000000 == vert 100.000000 1.500000 0.627875 0.085250 -1.000000
0.086625 -1.000000 == vert 100.000000 1.500000 0.629938 0.086625 -1.000000
0.088000 -1.000000 == vert 100.000000 1.500000 0.632000 0.088000 -1.000000
0.089375 -1.000000 == vert 100.000000 1.500000 0.634063 0.089375 -1.000000
0.090750 -1.000000 == vert 100.000000 1.500000 0.636125 0.090750 -1.000000
0.092125 -1.000000 == vert 100.000000 1.500000 0.638187 0.092125 -1.000000
0.093500 -1.000000 == vert 100.000000 1.500000 0.640250 0.093500 -1.000000
0.094875 -1.000000 == vert 100.000000 1.500000 0.642313 0.094875 -1.000000
0.096250 -1.000000 == vert 100.000000 1.500000 0.644375 0.096250 -1.000000
0.097625 -1.000000 == vert 100.000000 1.500000 0.646438 0.097625 -1.000000
0.099000 -1.000000 == vert 100.000000 1.500000 0.648500 0.099000 -1.000000
0.100375 -1.000000 == vert 100.000000 1.500000 0.650562 0.100375 -1.000000
0.101750 -1.000000 == vert 100.000000 1.500000 0.652625 0.101750 -1.000000
0.103125 -1.000000 == vert 100.000000 1.500000 0.654688 0.103125 -1.000000
0.104500 -1.000000 == vert 100.000000 1.500000 0.656750 0.104500 -1.000000
0.105875 -1.000000 == vert 100.000000 1.500000 0.658812 0.105875 -1.000000
0.107250 -1.000000 == vert 100.000000 1.500000 0.660875 0.107250 -1.000000
0.108625 -1.000000 == vert 100.000000 1.500000 0.662937 0.108625 -1.000000
0.110000 -1.000000 == vert 100.000000 1.500000 0.665000 0.110000 -1.000000
0.111375 -1.000000 == vert 100.000000 1.500000 0.667063 0.111375 -1.000000
0.112750 -1.000000 == vert 100.000000 1.500000 0.669125 0.112750 -1.000000
0.114125 -1.000000 == vert 100.000000 1.500000 0.671187 0.114125 -1.000000
0.115500 -1.000000 == vert 100.000000 1.500000 0.673250 0.115500 -1.000000
0.116875 -1.000000 == vert 100.000000 1.500000 0.675312 0.116875 -1.000000
0.118250 -1.000000 == vert 100.000000 1.500000 0.677375 0.118250 -1.000000
0.119625 -1.000000 == vert 100.000000 1.500000 0.679437 0.119625 -1.000000
0.121000 -1.000000 == vert 100.000000 1.500000 0.681500 0.121000 -1.000000
0.122375 -1.000000 == vert 100.000000 1.500000 0.683562 0.122375 -1.000000
0.123750 -1.000000 == vert 100.000000 1.500000 0.685625 0.123750 -1.000000
0.125125 -1.000000 == vert 100.000000 1.500000 0.687688 0.125125 -1.000000
0.126500 -1.000000 == vert 100.000000 1.500000 0.689750 0.126500 -1.000000
0.127875 -1.000000 == vert 100.000000 1.500000 0.691813 0.127875 -1.000000
0.129250 -1.000000 == vert 100.000000 1.500000 0.693875 0.129250 -1.000000
0.130625 -1.000000 == vert 100.000000 1.500000 0.695937 0.130625 -1.000000
0.132000 -1.000000 == vert 100.000000 1.500000 0.698000 0.132000 -1.000000
0.133375 -1.000000 == vert 100.000000 1.500000 0.700063 0.133375 -1.000000
0.134750 -1.000000 == vert 100.000000 1.500000 0.702125 0.134750 -1.000000
0.136125 -1.000000 == vert 100.000000 1.500000 0.704188 0.136125 -1.000000
0.137500 -1.000000 == vert 100.000000 1.500000 0.706250 0.137500 -1.000000
0.138875 -1.000000 == vert 100.000000 1.500000 0.708312 0.138875 -1.000000
0.140250 -1.000000 == vert 100.000000 1.500000 0.710375 0.140250 -1.000000
0.141625 -1.000000 == vert 100.000000 1.500000 0.712438 0.141625 -1.000000
0.143000 -1.000000 == vert 100.000000 1.500000 0.714500 0.143000 -1.000000
0.144375 -1.000000 == vert 100.000000 1.500000 0.716563 0.144375 -1.000000
0.145750 -1.000000 == vert 100.000000 1.500000 0.718625 0.145750 -1.000000
0.147125 -1.000000 == vert 100.000000 1.500000 0.720687 0.147125 -1.000000
0.148500 -1.000000 == vert 100.000000 1.500000 0.722750 0.148500 -1.000000
0.149875 -1.000000 == vert 100.000000 1.500000 0.724813 0.149875 -1.000000
0.151250 -1.000000 == vert 100.000000 1.500000 0.726875 0.151250 -1.000000
0.152625 -1.000000 == vert 100.000000 1.500000 0.728937 0.152625 -1.000000
0.154000 -1.000000 == vert 100.000000 1.500000 0.731000 0.154000 -1.000000
0.155375 -1.000000 == vert 100.000000 1.500000 0.733062 0.155375 -1.000000
0.156750 -1.000000 == vert 100.000000 1.500000 0.735125 0.156750 -1.000000
0.158125 -1.000000 == vert 100.000000 1.500000 0.737188 0.158125 -1.000000
0.159500 -1.000000 == vert 100.000000 1.500000 0.739250 0.159500 -1.000000
0.160875 -1.000000 == vert 100.000000 1.500000 0.741312 0.160875 -1.000000
0.162250 -1.000000 == vert 100.000000 1.500000 0.743375 0.162250 -1.000000
0.163625 -1.000000 == vert 100.000000 1.500000 0.745437 0.163625 -1.000000
0.165000 -1.000000 == vert 100.000000 1.500000 0.747500 0.165000 -1.000000
0.166375 -1.000000 == vert 100.000000 1.500000 0.749563 0.166375 -1.000000
0.167750 -1.000000 == vert 100.000000 1.500000 0.751625 0.167750 -1.000000
0.169125 -1.000000 == vert 100.000000 1.500000 0.753687 0.169125 -1.000000
0.170500 -1.000000 == vert 100.000000 1.500000 0.755750 0.170500 -1.000000
0.171875 -1.000000 == vert 100.000000 1.500000 0.757812 0.171875 -1.000000
0.173250 -1.000000 == vert 100.000000 1.500000 0.759875 0.173250 -1.000000
0.174625 -1.000000 == vert 100.000000 1.500000 0.761938 0.174625 -1.000000
0.176000 -1.000000 == vert 100.000000 1.500000 0.764000 0.176000 -1.000000
0.177375 -1.000000 == vert 100.000000 1.500000 0.766062 0.177375 -1.000000
0.178750 -1.000000 == vert 100.000000 1.500000 0.768125 0.178750 -1.000000
0.180125 -1.000000 == vert 100.000000 1.500000 0.770188 0.180125 -1.000000
0.181500 -1.000000 == vert 100.000000 1.500000 0.772250 0.181500 -1.000000
0.182875 -1.000000 == vert 100.000000 1.500000 0.774313 0.182875 -1.000000
0.184250 -1.000000 == vert 100.000000 1.500000 0.776375 0.184250 -1.000000
0.185625 -1.000000 == vert 100.000000 1.500000 0.778437 0.185625 -1.000000
0.187000 -1.000000 == vert 100.000000 1.500000 0.780500 0.187000 -1.000000
0.188375 -1.000000 == vert 100.000000 1.500000 0.782563 0.188375 -1.000000
0.189750 -1.000000 == vert 100.000000 1.500000 0.784625 0.189750 -1.000000
0.191125 -1.000000 == vert 100.000000 1.500000 0.786688 0.191125 -1.000000
0.192500 -1.000000 == vert 100.000000 1.500000 0.788750 0.192500 -1.000000
0.193875 -1.000000 == vert 100.000000 1.500000 0.790812 0.193875 -1.000000
0.195250 -1.000000 == vert 100.000000 1.500000 0.792875 0.195250 -1.000000
0.196625 -1.000000 == vert 100.000000 1.500000 0.794938 0.196625 -1.000000
0.198000 -1.000000 == vert 100.000000 1.500000 0.797000 0.198000 -1.000000
0.199375 -1.000000 == vert 100.000000 1.500000 0.799062 0.199375 -1.000000
0.200750 -1.000000 == vert 100.000000 1.500000 0.801125 0.200750 -1.000000
0.202125 -1.000000 == vert 100.000000 1.500000 0.803187 0.202125 -1.000000
0.203500 -1.000000 == vert 100.000000 1.500000 0.805250 0.203500 -1.000000
0.204875 -1.000000 == vert 100.000000 1.500000 0.807313 0.204875 -1.000000
0.206250 -1.000000 == vert 100.000000 1.500000 0.809375 0.206250 -1.000000
0.207625 -1.000000 == vert 100.000000 1.500000 0.811438 0.207625 -1.000000
0.209000 -1.000000 == vert 100.000000 1.500000 0.813500 0.209000 -1.000000
0.210375 -1.000000 == vert 100.000000 1.500000 0.815562 0.210375 -1.000000
0.211750 -1.000000 == vert 100.000000 1.500000 0.817625 0.211750 -1.000000
0.213125 -1.000000 == vert 100.000000 1.500000 0.819688 0.213125 -1.000000
0.214500 -1.000000 == vert 100.000000 1.500000 0.821750 0.214500 -1.000000
0.215875 -1.000000 == vert 100.000000 1.500000 0.823812 0.215875 -1.000000
0.217250 -1.000000 == vert 100.000000 1.500000 0.825875 0.217250 -1.000000
0.218625 -1.000000 == vert 100.000000 1.500000 0.827937 0.218625 -1.000000
0.220000 -1.000000 == vert 100.000000 1.500000 0.830000 0.220000 -1.000000
0.221375 -1.000000 == vert 100.000000 1.500000 0.832063 0.221375 -1.000000
0.222750 -1.000000 == vert 100.000000 1.500000 0.834125 0.222750 -1.000000
0.224125 -1.000000 == vert 100.000000 1.500000 0.836187 0.224125 -1.000000
0.225500 -1.000000 == vert 100.000000 1.500000 0.838250 0.225500 -1.000000
0.226875 -1.000000 == vert 100.000000 1.500000 0.840313 0.226875 -1.000000
0.228250 -1.000000 == vert 100.000000 1.500000 0.842375 0.228250 -1.000000
0.229625 -1.000000 == vert 100.000000 1.500000 0.844438 0.229625 -1.000000
0.231000 -1.000000 == vert 100.000000 1.500000 0.846500 0.231000 -1.000000
0.232375 -1.000000 == vert 100.000000 1.500000 0.848562 0.232375 -1.000000
0.233750 -1.000000 == vert 100.000000 1.500000 0.850625 0.233750 -1.000000
0.235125 -1.000000 == vert 100.000000 1.500000 0.852688 0.235125 -1.000000
0.236500 -1.000000 == vert 100.000000 1.500000 0.854750 0.236500 -1.000000
0.237875 -1.000000 == vert 100.000000 1.500000 0.856813 0.237875 -1.000000
0.239250 -1.000000 == vert 100.000000 1.500000 0.858875 0.239250 -1.000000
0.240625 -1.000000 == vert 100.000000 1.500000 0.860937 0.240625 -1.000000
0.242000 -1.000000 == vert 100.000000 1.500000 0.863000 0.242000 -1.000000
0.243375 -1.000000 == vert 100.000000 1.500000 0.865063 0.243375 -1.000000
0.244750 -1.000000 == vert 100.000000 1.500000 0.867125 0.244750 -1.000000
0.246125 -1.000000 == vert 100.000000 1.500000 0.869187 0.246125 -1.000000
0.247500 -1.000000 == vert 100.000000 1.500000 0.871250 0.247500 -1.000000
0.248875 -1.000000 == vert 100.000000 1.500000 0.873312 0.248875 -1.000000
0.250250 -1.000000 == vert 100.000000 1.500000 0.875375 0.250250 -1.000000
0.251625 -1.000000 == vert 100.000000 1.500000 0.877438 0.251625 -1.000000
0.253000 -1.000000 == vert 100.000000 1.500000 0.879500 0.253000 -1.000000
0.254375 -1.000000 == vert 100.000000 1.500000 0.881563 0.254375 -1.000000
0.255750 -1.000000 == vert 100.000000 1.500000 0.883625 0.255750 -1.000000
0.257125 -1.000000 == vert 100.000000 1.500000 0.885687 0.257125 -1.000000
0.258500 -1.000000 == vert 100.000000 1.500000 0.887750 0.258500 -1.000000
0.259875 -1.000000 == vert 100.000000 1.500000 0.889813 0.259875 -1.000000
0.261250 -1.000000 == vert 100.000000 1.500000 0.891875 0.261250 -1.000000
0.262625 -1.000000 == vert 100.000000 1.500000 0.893937 0.262625 -1.000000
0.264000 -1.000000 == vert 100.000000 1.500000 0.896000 0.264000 -1.000000
0.265375 -1.000000 == vert 100.000000 1.500000 0.898062 0.265375 -1.000000
0.266750 -1.000000 == vert 100.000000 1.500000 0.900125 0.266750 -1.000000
0.268125 -1.000000 == vert 100.000000 1.500000 0.902188 0.268125 -1.000000
0.269500 -1.000000 == vert 100.000000 1.500000 0.904250 0.269500 -1.000000
0.270875 -1.000000 == vert 100.000000 1.500000 0.906312 0.270875 -1.000000
0.272250 -1.000000 == vert 100.000000 1.500000 0.908375 0.272250 -1.000000
0.273625 -1.000000 == vert 100.000000 1.500000 0.910438 0.273625 -1.000000
0.275000 -1.000000 == vert 100.000000 1.500000 0.912500 0.275000 -1.000000
0.276375 -1.000000 == vert 100.000000 1.500000 0.914562 0.276375 -1.000000
0.277750 -1.000000 == vert 100.000000 1.500000 0.916625 0.277750 -1.000000
0.279125 -1.000000 == vert 100.000000 1.500000 0.918687 0.279125 -1.000000
0.280500 -1.000000 == vert 100.000000 1.500000 0.920750 0.280500 -1.000000
0.281875 -1.000000 == vert 100.000000 1.500000 0.922813 0.281875 -1.000000
0.283250 -1.000000 == vert 100.000000 1.500000 0.924875 0.283250 -1.000000
0.284625 -1.000000 == vert 100.000000 1.500000 0.926938 0.284625 -1.000000
0.286000 -1.000000 == vert 100.000000 1.500000 0.929000 0.286000 -1.000000
0.287375 -1.000000 == vert 100.000000 1.500000 0.931062 0.287375 -1.000000
0.288750 -1.000000 == vert 100.000000 1.500000 0.933125 0.288750 -1.000000
0.290125 -1.000000 == vert 100.000000 1.500000 0.935188 0.290125 -1.000000
0.291500 -1.000000 == vert 100.000000 1.500000 0.937250 0.291500 -1.000000
0.292875 -1.000000 == vert 100.000000 1.500000 0.939313 0.292875 -1.000000
0.294250 -1.000000 == vert 100.000000 1.500000 0.941375 0.294250 -1.000000
0.295625 -1.000000 == vert 100.000000 1.500000 0.943437 0.295625 -1.000000
0.297000 -1.000000 == vert 100.000000 1.500000 0.945500 0.297000 -1.000000
0.298375 -1.000000 == vert 100.000000 1.500000 0.947563 0.298375 -1.000000
0.299750 -1.000000 == vert 100.000000 1.500000 0.949625 0.299750 -1.000000
0.301125 -1.000000 == vert 100.000000 1.500000 0.951688 0.301125 -1.000000
0.302500 -1.000000 == vert 100.000000 1.500000 0.953750 0.302500 -1.000000
0.303875 -1.000000 == vert 100.000000 1.500000 0.955812 0.303875 -1.000000
0.305250 -1.000000 == vert 100.000000 1.500000 0.957875 0.305250 -1.000000
0.306625 -1.000000 == vert 100.000000 1.500000 0.959938 0.306625 -1.000000
0.308000 -1.000000 == vert 100.000000 1.500000 0.962000 0.308000 -1.000000
0.309375 -1.000000 == vert 100.000000 1.500000 0.964062 0.309375 -1.000000
0.310750 -1.000000 == vert 100.000000 1.500000 0.966125 0.310750 -1.000000
0.312125 -1.000000 == vert 100.000000 1.500000 0.968187 0.312125 -1.000000
0.313500 -1.000000 == vert 100.000000 1.500000 0.970250 0.313500 -1.000000
0.314875 -1.000000 == vert 100.000000 1.500000 0.972313 0.314875 -1.000000
0.316250 -1.000000 == vert 100.000000 1.500000 0.974375 0.316250 -1.000000
0.317625 -1.000000 == vert 100.000000 1.500000 0.976437 0.317625 -1.000000
0.319000 -1.000000 == vert 100.000000 1.500000 0.978500 0.319000 -1.000000
0.320375 -1.000000 == vert 100.000000 1.500000 0.980563 0.320375 -1.000000
0.321750 -1.000000 == vert 100.000000 1.500000 0.982625 0.321750 -1.000000
0.323125 -1.000000 == vert 100.000000 1.500000 0.984687 0.323125 -1.000000
0.324500 -1.000000 == vert 100.000000 1.500000 0.986750 0.324500 -1.000000
0.325875 -1.000000 == vert 100.000000 1.500000 0.988812 0.325875 -1.000000
0.327250 -1.000000 == vert 100.000000 1.500000 0.990875 0.327250 -1.000000
0.328625 -1.000000 == vert 100.000000 1.500000 0.992938 0.328625 -1.000000
0.330000 -1.000000 == vert 100.000000 1.500000 0.995000 0.330000 -1.000000
0.331375 -1.000000 == vert 100.000000 1.500000 0.997063 0.331375 -1.000000
0.332750 -1.000000 == vert 100.000000 1.500000 0.999125 0.332750 -1.000000
0.334125 -1.000000 == vert 100.000000 2.500000 0.335313 0.334125 -1.000000
0.335500 -1.000000 == vert 100.000000 2.500000 0.338750 0.335500 -1.000000
0.336875 -1.000000 == vert 100.000000 2.500000 0.342188 0.336875 -1.000000
0.338250 -1.000000 == vert 100.000000 2.500000 0.345625 0.338250 -1.000000
0.339625 -1.000000 == vert 100.000000 2.500000 0.349063 0.339625 -1.000000
0.341000 -1.000000 == vert 100.000000 2.500000 0.352500 0.341000 -1.000000
0.342375 -1.000000 == vert 100.000000 2.500000 0.355938 0.342375 -1.000000
0.343750 -1.000000 == vert 100.000000 2.500000 0.359375 0.343750 -1.000000
0.345125 -1.000000 == vert 100.000000 2.500000 0.362812 0.345125 -1.000000
0.346500 -1.000000 == vert 100.000000 2.500000 0.366250 0.346500 -1.000000
0.347875 -1.000000 == vert 100.000000 2.500000 0.369688 0.347875 -1.000000
0.349250 -1.000000 == vert 100.000000 2.500000 0.373125 0.349250 -1.000000
0.350625 -1.000000 == vert 100.000000 2.500000 0.376562 0.350625 -1.000000
0.352000 -1.000000 == vert 100.000000 2.500000 0.380000 0.352000 -1.000000
0.353375 -1.000000 == vert 100.000000 2.500000 0.383437 0.353375 -1.000000
0.354750 -1.000000 == vert 100.000000 2.500000 0.386875 0.354750 -1.000000
0.356125 -1.000000 == vert 100.000000 2.500000 0.390313 0.356125 -1.000000
0.357500 -1.000000 == vert 100.000000 2.500000 0.393750 0.357500 -1.000000
0.358875 -1.000000 == vert 100.000000 2.500000 0.397188 0.358875 -1.000000
0.360250 -1.000000 == vert 100.000000 2.500000 0.400625 0.360250 -1.000000
0.361625 -1.000000 == vert 100.000000 2.500000 0.404063 0.361625 -1.000000
0.363000 -1.000000 == vert 100.000000 2.500000 0.407500 0.363000 -1.000000
0.364375 -1.000000 == vert 100.000000 2.500000 0.410937 0.364375 -1.000000
0.365750 -1.000000 == vert 100.000000 2.500000 0.414375 0.365750 -1.000000
0.367125 -1.000000 == vert 100.000000 2.500000 0.417813 0.367125 -1.000000
0.368500 -1.000000 == vert 100.000000 2.500000 0.421250 0.368500 -1.000000
0.369875 -1.000000 == vert 100.000000 2.500000 0.424688 0.369875 -1.000000
0.371250 -1.000000 == vert 100.000000 2.500000 0.428125 0.371250 -1.000000
0.372625 -1.000000 == vert 100.000000 2.500000 0.431563 0.372625 -1.000000
0.374000 -1.000000 == vert 100.000000 2.500000 0.435000 0.374000 -1.000000
0.375375 -1.000000 == vert 100.000000 2.500000 0.438438 0.375375 -1.000000
0.376750 -1.000000 == vert 100.000000 2.500000 0.441875 0.376750 -1.000000
0.378125 -1.000000 == vert 100.000000 2.500000 0.445312 0.378125 -1.000000
0.379500 -1.000000 == vert 100.000000 2.500000 0.448750 0.379500 -1.000000
0.380875 -1.000000 == vert 100.000000 2.500000 0.452187 0.380875 -1.000000
0.382250 -1.000000 == vert 100.000000 2.500000 0.455625 0.382250 -1.000000
0.383625 -1.000000 == vert 100.000000 2.500000 0.459062 0.383625 -1.000000
0.385000 -1.000000 == vert 100.000000 2.500000 0.462500 0.385000 -1.000000
0.386375 -1.000000 == vert 100.000000 2.500000 0.465937 0.386375 -1.000000
0.387750 -1.000000 == vert 100.000000 2.500000 0.469375 0.387750 -1.000000
0.389125 -1.000000 == vert 100.000000 2.500000 0.472812 0.389125 -1.000000
0.390500 -1.000000 == vert 100.000000 2.500000 0.476250 0.390500 -1.000000
0.391875 -1.000000 == vert 100.000000 2.500000 0.479687 0.391875 -1.000000
0.393250 -1.000000 == vert 100.000000 2.500000 0.483125 0.393250 -1.000000
0.394625 -1.000000 == vert 100.000000 2.500000 0.486562 0.394625 -1.000000
0.396000 -1.000000 == vert 100.000000 2.500000 0.490000 0.396000 -1.000000
0.397375 -1.000000 == vert 100.000000 2.500000 0.493437 0.397375 -1.000000
0.398750 -1.000000 == vert 100.000000 2.500000 0.496875 0.398750 -1.000000
0.400125 -1.000000 == vert 100.000000 2.500000 0.500312 0.400125 -1.000000
0.401500 -1.000000 == vert 100.000000 2.500000 0.503750 0.401500 -1.000000
0.402875 -1.000000 == vert 100.000000 2.500000 0.507187 0.402875 -1.000000
0.404250 -1.000000 == vert 100.000000 2.500000 0.510625 0.404250 -1.000000
0.405625 -1.000000 == vert 100.000000 2.500000 0.514062 0.405625 -1.000000
0.407000 -1.000000 == vert 100.000000 2.500000 0.517500 0.407000 -1.000000
0.408375 -1.000000 == vert 100.000000 2.500000 0.520938 0.408375 -1.000000
0.409750 -1.000000 == vert 100.000000 2.500000 0.524375 0.409750 -1.000000
0.411125 -1.000000 == vert 100.000000 2.500000 0.527813 0.411125 -1.000000
0.412500 -1.000000 == vert 100.000000 2.500000 0.531250 0.412500 -1.000000
0.413875 -1.000000 == vert 100.000000 2.500000 0.534688 0.413875 -1.000000
0.415250 -1.000000 == vert 100.000000 2.500000 0.538125 0.415250 -1.000000
0.416625 -1.000000 == vert 100.000000 2.500000 0.541563 0.416625 -1.000000
0.418000 -1.000000 == vert 100.000000 2.500000 0.545000 0.418000 -1.000000
0.419375 -1.000000 == vert 100.000000 2.500000 0.548438 0.419375 -1.000000
0.420750 -1.000000 == vert 100.000000 2.500000 0.551875 0.420750 -1.000000
0.422125 -1.000000 == vert 100.000000 2.500000 0.555313 0.422125 -1.000000
0.423500 -1.000000 == vert 100.000000 2.500000 0.558750 0.423500 -1.000000
0.424875 -1.000000 == vert 100.000000 2.500000 0.562188 0.424875 -1.000000
0.426250 -1.000000 == vert 100.000000 2.500000 0.565625 0.426250 -1.000000
0.427625 -1.000000 == vert 100.000000 2.500000 0.569063 0.427625 -1.000000
0.429000 -1.000000 == vert 100.000000 2.500000 0.572500 0.429000 -1.000000
0.430375 -1.000000 == vert 100.000000 2.500000 0.575938 0.430375 -1.000000
0.431750 -1.000000 == vert 100.000000 2.500000 0.579375 0.431750 -1.000000
0.433125 -1.000000 == vert 100.000000 2.500000 0.582813 0.433125 -1.000000
0.434500 -1.000000 == vert 100.000000 2.500000 0.586250 0.434500 -1.000000
0.435875 -1.000000 == vert 100.000000 2.500000 0.589688 0.435875 -1.000000
0.437250 -1.000000 == vert 100.000000 2.500000 0.593125 0.437250 -1.000000
0.438625 -1.000000 == vert 100.000000 2.500000 0.596563 0.438625 -1.000000
0.440000 -1.000000 == vert 100.000000 2.500000 0.600000 0.440000 -1.000000
0.441375 -1.000000 == vert 100.000000 2.500000 0.603438 0.441375 -1.000000
0.442750 -1.000000 == vert 100.000000 2.500000 0.606875 0.442750 -1.000000
0.444125 -1.000000 == vert 100.000000 2.500000 0.610313 0.444125 -1.000000
0.445500 -1.000000 == vert 100.000000 2.500000 0.613750 0.445500 -1.000000
0.446875 -1.000000 == vert 100.000000 2.500000 0.617188 0.446875 -1.000000
0.448250 -1.000000 == vert 100.000000 2.500000 0.620625 0.448250 -1.000000
0.449625 -1.000000 == vert 100.000000 2.500000 0.624062 0.449625 -1.000000
0.451000 -1.000000 == vert 100.000000 2.500000 0.627500 0.451000 -1.000000
0.452375 -1.000000 == vert 100.000000 2.500000 0.630937 0.452375 -1.000000
0.453750 -1.000000 == vert 100.000000 2.500000 0.634375 0.453750 -1.000000
0.455125 -1.000000 == vert 100.000000 2.500000 0.637813 0.455125 -1.000000
0.456500 -1.000000 == vert 100.000000 2.500000 0.641250 0.456500 -1.000000
0.457875 -1.000000 == vert 100.000000 2.500000 0.644688 0.457875 -1.000000
0.459250 -1.000000 == vert 100.000000 2.500000 0.648125 0.459250 -1.000000
0.460625 -1.000000 == vert 100.000000 2.500000 0.651563 0.460625 -1.000000
0.462000 -1.000000 == vert 100.000000 2.500000 0.655000 0.462000 -1.000000
0.463375 -1.000000 == vert 100.000000 2.500000 0.658437 0.463375 -1.000000
0.464750 -1.000000 == vert 100.000000 2.500000 0.661875 0.464750 -1.000000
0.466125 -1.000000 == vert 100.000000 2.500000 0.665313 0.466125 -1.000000
0.467500 -1.000000 == vert 100.000000 2.500000 0.668750 0.467500 -1.000000
0.468875 -1.000000 == vert 100.000000 2.500000 0.672188 0.468875 -1.000000
0.470250 -1.000000 == vert 100.000000 2.500000 0.675625 0.470250 -1.000000
0.471625 -1.000000 == vert 100.000000 2.500000 0.679063 0.471625 -1.000000
0.473000 -1.000000 == vert 100.000000 2.500000 0.682500 0.473000 -1.000000
0.474375 -1.000000 == vert 100.000000 2.500000 0.685938 0.474375 -1.000000
0.475750 -1.000000 == vert 100.000000 2.500000 0.689375 0.475750 -1.000000
0.477125 -1.000000 == vert 100.000000 2.500000 0.692813 0.477125 -1.000000
0.478500 -1.000000 == vert 100.000000 2.500000 0.696250 0.478500 -1.000000
0.479875 -1.000000 == vert 100.000000 2.500000 0.699688 0.479875 -1.000000
0.481250 -1.000000 == vert 100.000000 2.500000 0.703125 0.481250 -1.000000
0.482625 -1.000000 == vert 100.000000 2.500000 0.706562 0.482625 -1.000000
0.484000 -1.000000 == vert 100.000000 2.500000 0.710000 0.484000 -1.000000
0.485375 -1.000000 == vert 100.000000 2.500000 0.713437 0.485375 -1.000000
0.486750 -1.000000 == vert 100.000000 2.500000 0.716875 0.486750 -1.000000
0.488125 -1.000000 == vert 100.000000 2.500000 0.720312 0.488125 -1.000000
0.489500 -1.000000 == vert 100.000000 2.500000 0.723750 0.489500 -1.000000
0.490875 -1.000000 == vert 100.000000 2.500000 0.727187 0.490875 -1.000000
0.492250 -1.000000 == vert 100.000000 2.500000 0.730625 0.492250 -1.000000
0.493625 -1.000000 == vert 100.000000 2.500000 0.734062 0.493625 -1.000000
0.495000 -1.000000 == vert 100.000000 2.500000 0.737500 0.495000 -1.000000
0.496375 -1.000000 == vert 100.000000 2.500000 0.740938 0.496375 -1.000000
0.497750 -1.000000 == vert 100.000000 2.500000 0.744375 0.497750 -1.000000
0.499125 -1.000000 == vert 100.000000 2.500000 0.747813 0.499125 -1.000000
0.500500 -1.000000 == vert 100.000000 2.500000 0.751250 0.500500 -1.000000
0.501875 -1.000000 == vert 100.000000 2.500000 0.754688 0.501875 -1.000000
0.503250 -1.000000 == vert 100.000000 2.500000 0.758125 0.503250 -1.000000
0.504625 -1.000000 == vert 100.000000 2.500000 0.761563 0.504625 -1.000000
0.506000 -1.000000 == vert 100.000000 2.500000 0.765000 0.506000 -1.000000
0.507375 -1.000000 == vert 100.000000 2.500000 0.768438 0.507375 -1.000000
0.508750 -1.000000 == vert 100.000000 2.500000 0.771875 0.508750 -1.000000
0.510125 -1.000000 == vert 100.000000 2.500000 0.775313 0.510125 -1.000000
0.511500 -1.000000 == vert 100.000000 2.500000 0.778750 0.511500 -1.000000
0.512875 -1.000000 == vert 100.000000 2.500000 0.782188 0.512875 -1.000000
0.514250 -1.000000 == vert 100.000000 2.500000 0.785625 0.514250 -1.000000
0.515625 -1.000000 == vert 100.000000 2.500000 0.789062 0.515625 -1.000000
0.517000 -1.000000 == vert 100.000000 2.500000 0.792500 0.517000 -1.000000
0.518375 -1.000000 == vert 100.000000 2.500000 0.795937 0.518375 -1.000000
0.519750 -1.000000 == vert 100.000000 2.500000 0.799375 0.519750 -1.000000
0.521125 -1.000000 == vert 100.000000 2.500000 0.802812 0.521125 -1.000000
0.522500 -1.000000 == vert 100.000000 2.500000 0.806250 0.522500 -1.000000
0.523875 -1.000000 == vert 100.000000 2.500000 0.809687 0.523875 -1.000000
0.525250 -1.000000 == vert 100.000000 2.500000 0.813125 0.525250 -1.000000
0.526625 -1.000000 == vert 100.000000 2.500000 0.816562 0.526625 -1.000000
0.528000 -1.000000 == vert 100.000000 2.500000 0.820000 0.528000 -1.000000
0.529375 -1.000000 == vert 100.000000 2.500000 0.823437 0.529375 -1.000000
0.530750 -1.000000 == vert 100.000000 2.500000 0.826875 0.530750 -1.000000
0.532125 -1.000000 == vert 100.000000 2.500000 0.830312 0.532125 -1.000000
0.533500 -1.000000 == vert 100.000000 2.500000 0.833750 0.533500 -1.000000
0.534875 -1.000000 == vert 100.000000 2.500000 0.837187 0.534875 -1.000000
0.536250 -1.000000 == vert 100.000000 2.500000 0.840625 0.536250 -1.000000
0.537625 -1.000000 == vert 100.000000 2.500000 0.844063 0.537625 -1.000000
0.539000 -1.000000 == vert 100.000000 2.500000 0.847500 0.539000 -1.000000
0.540375 -1.000000 == vert 100.000000 2.500000 0.850938 0.540375 -1.000000
0.541750 -1.000000 == vert 100.000000 2.500000 0.854375 0.541750 -1.000000
0.543125 -1.000000 == vert 100.000000 2.500000 0.857813 0.543125 -1.000000
0.544500 -1.000000 == vert 100.000000 2.500000 0.861250 0.544500 -1.000000
0.545875 -1.000000 == vert 100.000000 2.500000 0.864688 0.545875 -1.000000
0.547250 -1.000000 == vert 100.000000 2.500000 0.868125 0.547250 -1.000000
0.548625 -1.000000 == vert 100.000000 2.500000 0.871563 0.548625 -1.000000
0.550000 -1.000000 == vert 100.000000 2.500000 0.875000 0.550000 -1.000000
0.551375 -1.000000 == vert 100.000000 2.500000 0.878438 0.551375 -1.000000
0.552750 -1.000000 == vert 100.000000 2.500000 0.881875 0.552750 -1.000000
0.554125 -1.000000 == vert 100.000000 2.500000 0.885313 0.554125 -1.000000
0.555500 -1.000000 == vert 100.000000 2.500000 0.888750 0.555500 -1.000000
0.556875 -1.000000 == vert 100.000000 2.500000 0.892187 0.556875 -1.000000
0.558250 -1.000000 == vert 100.000000 2.500000 0.895625 0.558250 -1.000000
0.559625 -1.000000 == vert 100.000000 2.500000 0.899063 0.559625 -1.000000
0.561000 -1.000000 == vert 100.000000 2.500000 0.902500 0.561000 -1.000000
0.562375 -1.000000 == vert 100.000000 2.500000 0.905937 0.562375 -1.000000
0.563750 -1.000000 == vert 100.000000 2.500000 0.909375 0.563750 -1.000000
0.565125 -1.000000 == vert 100.000000 2.500000 0.912813 0.565125 -1.000000
0.566500 -1.000000 == vert 100.000000 2.500000 0.916250 0.566500 -1.000000
0.567875 -1.000000 == vert 100.000000 2.500000 0.919688 0.567875 -1.000000
0.569250 -1.000000 == vert 100.000000 2.500000 0.923125 0.569250 -1.000000
0.570625 -1.000000 == vert 100.000000 2.500000 0.926562 0.570625 -1.000000
0.572000 -1.000000 == vert 100.000000 2.500000 0.930000 0.572000 -1.000000
0.573375 -1.000000 == vert 100.000000 2.500000 0.933438 0.573375 -1.000000
0.574750 -1.000000 == vert 100.000000 2.500000 0.936875 0.574750 -1.000000
0.576125 -1.000000 == vert 100.000000 2.500000 0.940313 0.576125 -1.000000
0.577500 -1.000000 == vert 100.000000 2.500000 0.943750 0.577500 -1.000000
0.578875 -1.000000 == vert 100.000000 2.500000 0.947188 0.578875 -1.000000
0.580250 -1.000000 == vert 100.000000 2.500000 0.950625 0.580250 -1.000000
0.581625 -1.000000 == vert 100.000000 2.500000 0.954063 0.581625 -1.000000
0.583000 -1.000000 == vert 100.000000 2.500000 0.957500 0.583000 -1.000000
0.584375 -1.000000 == vert 100.000000 2.500000 0.960938 0.584375 -1.000000
0.585750 -1.000000 == vert 100.000000 2.500000 0.964375 0.585750 -1.000000
0.587125 -1.000000 == vert 100.000000 2.500000 0.967813 0.587125 -1.000000
0.588500 -1.000000 == vert 100.000000 2.500000 0.971250 0.588500 -1.000000
0.589875 -1.000000 == vert 100.000000 2.500000 0.974687 0.589875 -1.000000
0.591250 -1.000000 == vert 100.000000 2.500000 0.978125 0.591250 -1.000000
0.592625 -1.000000 == vert 100.000000 2.500000 0.981562 0.592625 -1.000000
0.594000 -1.000000 == vert 100.000000 2.500000 0.985000 0.594000 -1.000000
0.595375 -1.000000 == vert 100.000000 2.500000 0.988437 0.595375 -1.000000
0.596750 -1.000000 == vert 100.000000 2.500000 0.991875 0.596750 -1.000000
0.598125 -1.000000 == vert 100.000000 2.500000 0.995312 0.598125 -1.000000
0.599500 -1.000000 == vert 100.000000 2.500000 0.998750 0.599500 -1.000000
0.600875 -1.000000 == hori 140.000000 2.496359 0.003641 0.600875 -1.000000
0.602250 -1.000000 == hori 140.000000 2.490660 0.009340 0.602250 -1.000000
0.603625 -1.000000 == hori 140.000000 2.484987 0.015013 0.603625 -1.000000
0.605000 -1.000000 == hori 140.000000 2.479339 0.020661 0.605000 -1.000000
0.606375 -1.000000 == hori 140.000000 2.473717 0.026283 0.606375 -1.000000
0.607750 -1.000000 == hori 140.000000 2.468120 0.031880 0.607750 -1.000000
0.609125 -1.000000 == hori 140.000000 2.462549 0.037451 0.609125 -1.000000
0.610500 -1.000000 == hori 140.000000 2.457002 0.042998 0.610500 -1.000000
0.611875 -1.000000 == hori 140.000000 2.451481 0.048519 0.611875 -1.000000
0.613250 -1.000000 == hori 140.000000 2.445985 0.054015 0.613250 -1.000000
0.614625 -1.000000 == hori 140.000000 2.440513 0.059487 0.614625 -1.000000
0.616000 -1.000000 == hori 140.000000 2.435065 0.064935 0.616000 -1.000000
0.617375 -1.000000 == hori 140.000000 2.429642 0.070358 0.617375 -1.000000
0.618750 -1.000000 == hori 140.000000 2.424242 0.075758 0.618750 -1.000000
0.620125 -1.000000 == hori 140.000000 2.418867 0.081133 0.620125 -1.000000
0.621500 -1.000000 == hori 140.000000 2.413516 0.086484 0.621500 -1.000000
0.622875 -1.000000 == hori 140.000000 2.408188 0.091812 0.622875 -1.000000
0.624250 -1.000000 == hori 140.000000 2.402883 0.097117 0.624250 -1.000000
0.625625 -1.000000 == hori 140.000000 2.397602 0.102398 0.625625 -1.000000
0.627000 -1.000000 == hori 140.000000 2.392344 0.107656 0.627000 -1.000000
0.628375 -1.000000 == hori 140.000000 2.387110 0.112890 0.628375 -1.000000
0.629750 -1.000000 == hori 140.000000 2.381898 0.118102 0.629750 -1.000000
0.631125 -1.000000 == hori 140.000000 2.376708 0.123292 0.631125 -1.000000
0.632500 -1.000000 == hori 140.000000 2.371542 0.128458 0.632500 -1.000000
0.633875 -1.000000 == hori 140.000000 2.366397 0.133603 0.633875 -1.000000
0.635250 -1.000000 == hori 140.000000 2.361275 0.138725 0.635250 -1.000000
0.636625 -1.000000 == hori 140.000000 2.356175 0.143825 0.636625 -1.000000
0.638000 -1.000000 == hori 140.000000 2.351097 0.148903 0.638000 -1.000000
0.639375 -1.000000 == hori 140.000000 2.346041 0.153959 0.639375 -1.000000
0.640750 -1.000000 == hori 140.000000 2.341007 0.158993 0.640750 -1.000000
0.642125 -1.000000 == hori 140.000000 2.335994 0.164006 0.642125 -1.000000
0.643500 -1.000000 == hori 140.000000 2.331002 0.168998 0.643500 -1.000000
0.644875 -1.000000 == hori 140.000000 2.326032 0.173968 0.644875 -1.000000
0.646250 -1.000000 == hori 140.000000 2.321083 0.178917 0.646250 -1.000000
0.647625 -1.000000 == hori 140.000000 2.316155 0.183845 0.647625 -1.000000
0.649000 -1.000000 == hori 140.000000 2.311248 0.188752 0.649000 -1.000000
0.650375 -1.000000 == hori 140.000000 2.306362 0.193638 0.650375 -1.000000
0.651750 -1.000000 == hori 140.000000 2.301496 0.198504 0.651750 -1.000000
0.653125 -1.000000 == hori 140.000000 2.296651 0.203349 0.653125 -1.000000
0.654500 -1.000000 == hori 140.000000 2.291826 0.208174 0.654500 -1.000000
0.655875 -1.000000 == hori 140.000000 2.287021 0.212979 0.655875 -1.000000
0.657250 -1.000000 == hori 140.000000 2.282237 0.217763 0.657250 -1.000000
0.658625 -1.000000 == hori 140.000000 2.277472 0.222528 0.658625 -1.000000
