-0.332750 -1.000000 == vert 100.000000 1.500000 0.000875 -0.332750 -1.000000
-0.331375 -1.000000 == vert 100.000000 1.500000 0.002937 -0.331375 -1.000000
-0.330000 -1.000000 == vert 100.000000 1.500000 0.005000 -0.330000 -1.000000
-0.328625 -1.000000 == vert 100.000000 1.500000 0.007062 -0.328625 -1.000000
-0.327250 -1.000000 == vert 100.000000 1.500000 0.009125 -0.327250 -1.000000
-0.325875 -1.000000 == vert 100.000000 1.500000 0.011188 -0.325875 -1.000000
-0.324500 -1.000000 == vert 100.000000 1.500000 0.013250 -0.324500 -1.000000
-0.323125 -1.000000 == vert 100.000000 1.500000 0.015312 -0.323125 -1.000000
-0.321750 -1.000000 == vert 100.000000 1.500000 0.017375 -0.321750 -1.000000
-0.320375 -1.000000 == vert 100.000000 1.500000 0.019437 -0.320375 -1.000000
-0.319000 -1.000000 == vert 100.000000 1.500000 0.021500 -0.319000 -1.000000
-0.317625 -1.000000 == vert 100.000000 1.500000 0.023563 -0.317625 -1.000000
-0.316250 -1.000000 == vert 100.000000 1.500000 0.025625 -0.316250 -1.000000
-0.314875 -1.000000 == vert 100.000000 1.500000 0.027687 -0.314875 -1.000000
-0.313500 -1.000000 == vert 100.000000 1.500000 0.029750 -0.313500 -1.000000
-0.312125 -1.000000 == vert 100.000000 1.500000 0.031813 -0.312125 -1.000000
-0.310750 -1.000000 == vert 100.000000 1.500000 0.033875 -0.310750 -1.000000
-0.309375 -1.000000 == vert 100.000000 1.500000 0.035938 -0.309375 -1.000000
-0.308000 -1.000000 == vert 100.000000 1.500000 0.038000 -0.308000 -1.000000
-0.306625 -1.000000 == vert 100.000000 1.500000 0.040062 -0.306625 -1.000000
-0.305250 -1.000000 == vert 100.000000 1.500000 0.042125 -0.305250 -1.000000
-0.303875 -1.000000 == vert 100.000000 1.500000 0.044188 -0.303875 -1.000000
-0.302500 -1.000000 == vert 100.000000 1.500000 0.046250 -0.302500 -1.000000
-0.301125 -1.000000 == vert 100.000000 1.500000 0.048312 -0.301125 -1.000000
-0.299750 -1.000000 == vert 100.000000 1.500000 0.050375 -0.299750 -1.000000
-0.298375 -1.000000 == vert 100.000000 1.500000 0.052437 -0.298375 -1.000000
-0.297000 -1.000000 == vert 100.000000 1.500000 0.054500 -0.297000 -1.000000
-0.295625 -1.000000 == vert 100.000000 1.500000 0.056563 -0.295625 -1.000000
-0.294250 -1.000000 == vert 100.000000 1.500000 0.058625 -0.294250 -1.000000
-0.292875 -1.000000 == vert 100.000000 1.500000 0.060688 -0.292875 -1.000000
-0.291500 -1.000000 == vert 100.000000 1.500000 0.062750 -0.291500 -1.000000
-0.290125 -1.000000 == vert 100.000000 1.500000 0.064812 -0.290125 -1.000000
-0.288750 -1.000000 == vert 100.000000 1.500000 0.066875 -0.288750 -1.000000
-0.287375 -1.000000 == vert 100.000000 1.500000 0.068938 -0.287375 -1.000000
-0.286000 -1.000000 == vert 100.000000 1.500000 0.071000 -0.286000 -1.000000
-0.284625 -1.000000 == vert 100.000000 1.500000 0.073062 -0.284625 -1.000000
-0.283250 -1.000000 == vert 100.000000 1.500000 0.075125 -0.283250 -1.000000
-0.281875 -1.000000 == vert 100.000000 1.500000 0.077187 -0.281875 -1.000000
-0.280500 -1.000000 == vert 100.000000 1.500000 0.079250 -0.280500 -1.000000
-0.279125 -1.000000 == vert 100.000000 1.500000 0.081313 -0.279125 -1.000000
-0.277750 -1.000000 == vert 100.000000 1.500000 0.083375 -0.277750 -1.000000
-0.276375 -1.000000 == vert 100.000000 1.500000 0.085438 -0.276375 -1.000000
-0.275000 -1.000000 == vert 100.000000 1.500000 0.087500 -0.275000 -1.000000
-0.273625 -1.000000 == vert 100.000000 1.500000 0.089562 -0.273625 -1.000000
-0.272250 -1.000000 == vert 100.000000 1.500000 0.091625 -0.272250 -1.000000
-0.270875 -1.000000 == vert 100.000000 1.500000 0.093688 -0.270875 -1.000000
-0.269500 -1.000000 == vert 100.000000 1.500000 0.095750 -0.269500 -1.000000
-0.268125 -1.000000 == vert 100.000000 1.500000 0.097812 -0.268125 -1.000000
-0.266750 -1.000000 == vert 100.000000 1.500000 0.099875 -0.266750 -1.000000
-0.265375 -1.000000 == vert 100.000000 1.500000 0.101938 -0.265375 -1.000000
-0.264000 -1.000000 == vert 100.000000 1.500000 0.104000 -0.264000 -1.000000
-0.262625 -1.000000 == vert 100.000000 1.500000 0.106063 -0.262625 -1.000000
-0.261250 -1.000000 == vert 100.000000 1.500000 0.108125 -0.261250 -1.000000
-0.259875 -1.000000 == vert 100.000000 1.500000 0.110187 -0.259875 -1.000000
-0.258500 -1.000000 == vert 100.000000 1.500000 0.112250 -0.258500 -1.000000
-0.257125 -1.000000 == vert 100.000000 1.500000 0.114313 -0.257125 -1.000000
-0.255750 -1.000000 == vert 100.000000 1.500000 0.116375 -0.255750 -1.000000
-0.254375 -1.000000 == vert 100.000000 1.500000 0.118438 -0.254375 -1.000000
-0.253000 -1.000000 == vert 100.000000 1.500000 0.120500 -0.253000 -1.000000
-0.251625 -1.000000 == vert 100.000000 1.500000 0.122562 -0.251625 -1.000000
-0.250250 -1.000000 == vert 100.000000 1.500000 0.124625 -0.250250 -1.000000
-0.248875 -1.000000 == vert 100.000000 1.500000 0.126688 -0.248875 -1.000000
-0.247500 -1.000000 == vert 100.000000 1.500000 0.128750 -0.247500 -1.000000
-0.246125 -1.000000 == vert 100.000000 1.500000 0.130813 -0.246125 -1.000000
-0.244750 -1.000000 == vert 100.000000 1.500000 0.132875 -0.244750 -1.000000
-0.243375 -1.000000 == vert 100.000000 1.500000 0.134937 -0.243375 -1.000000
-0.242000 -1.000000 == vert 100.000000 1.500000 0.137000 -0.242000 -1.000000
-0.240625 -1.000000 == vert 100.000000 1.500000 0.139063 -0.240625 -1.000000
-0.239250 -1.000000 == vert 100.000000 1.500000 0.141125 -0.239250 -1.000000
-0.237875 -1.000000 == vert 100.000000 1.500000 0.143187 -0.237875 -1.000000
-0.236500 -1.000000 == vert 100.000000 1.500000 0.145250 -0.236500 -1.000000
-0.235125 -1.000000 == vert 100.000000 1.500000 0.147312 -0.235125 -1.000000
-0.233750 -1.000000 == vert 100.000000 1.500000 0.149375 -0.233750 -1.000000
-0.232375 -1.000000 == vert 100.000000 1.500000 0.151438 -0.232375 -1.000000
-0.231000 -1.000000 == vert 100.000000 1.500000 0.153500 -0.231000 -1.000000
-0.229625 -1.000000 == vert 100.000000 1.500000 0.155562 -0.229625 -1.000000
-0.228250 -1.000000 == vert 100.000000 1.500000 0.157625 -0.228250 -1.000000
-0.226875 -1.000000 == vert 100.000000 1.500000 0.159687 -0.226875 -1.000000
-0.225500 -1.000000 == vert 100.000000 1.500000 0.161750 -0.225500 -1.000000
-0.224125 -1.000000 == vert 100.000000 1.500000 0.163813 -0.224125 -1.000000
-0.222750 -1.000000 == vert 100.000000 1.500000 0.165875 -0.222750 -1.000000
-0.221375 -1.000000 == vert 100.000000 1.500000 0.167937 -0.221375 -1.000000
-0.220000 -1.000000 == vert 100.000000 1.500000 0.170000 -0.220000 -1.000000
-0.218625 -1.000000 == vert 100.000000 1.500000 0.172063 -0.218625 -1.000000
-0.217250 -1.000000 == vert 100.000000 1.500000 0.174125 -0.217250 -1.000000
-0.215875 -1.000000 == vert 100.000000 1.500000 0.176188 -0.215875 -1.000000
-0.214500 -1.000000 == vert 100.000000 1.500000 0.178250 -0.214500 -1.000000
-0.213125 -1.000000 == vert 100.000000 1.500000 0.180312 -0.213125 -1.000000
-0.211750 -1.000000 == vert 100.000000 1.500000 0.182375 -0.211750 -1.000000
-0.210375 -1.000000 == vert 100.000000 1.500000 0.184438 -0.210375 -1.000000
-0.209000 -1.000000 == vert 100.000000 1.500000 0.186500 -0.209000 -1.000000
-0.207625 -1.000000 == vert 100.000000 1.500000 0.188562 -0.207625 -1.000000
-0.206250 -1.000000 == vert 100.000000 1.500000 0.190625 -0.206250 -1.000000
-0.204875 -1.000000 == vert 100.000000 1.500000 0.192687 -0.204875 -1.000000
-0.203500 -1.000000 == vert 100.000000 1.500000 0.194750 -0.203500 -1.000000
-0.202125 -1.000000 == vert 100.000000 1.500000 0.196813 -0.202125 -1.000000
-0.200750 -1.000000 == vert 100.000000 1.500000 0.198875 -0.200750 -1.000000
-0.199375 -1.000000 == vert 100.000000 1.500000 0.200938 -0.199375 -1.000000
-0.198000 -1.000000 == vert 100.000000 1.500000 0.203000 -0.198000 -1.000000
-0.196625 -1.000000 == vert 100.000000 1.500000 0.205062 -0.196625 -1.000000
-0.195250 -1.000000 == vert 100.000000 1.500000 0.207125 -0.195250 -1.000000
-0.193875 -1.000000 == vert 100.000000 1.500000 0.209188 -0.193875 -1.000000
-0.192500 -1.000000 == vert 100.000000 1.500000 0.211250 -0.192500 -1.000000
-0.191125 -1.000000 == vert 100.000000 1.500000 0.213312 -0.191125 -1.000000
-0.189750 -1.000000 == vert 100.000000 1.500000 0.215375 -0.189750 -1.000000
-0.188375 -1.000000 == vert 100.000000 1.500000 0.217437 -0.188375 -1.000000
-0.187000 -1.000000 == vert 100.000000 1.500000 0.219500 -0.187000 -1.000000
-0.185625 -1.000000 == vert 100.000000 1.500000 0.221563 -0.185625 -1.000000
-0.184250 -1.000000 == vert 100.000000 1.500000 0.223625 -0.184250 -1.000000
-0.182875 -1.000000 == vert 100.000000 1.500000 0.225687 -0.182875 -1.000000
-0.181500 -1.000000 == vert 100.000000 1.500000 0.227750 -0.181500 -1.000000
-0.180125 -1.000000 == vert 100.000000 1.500000 0.229812 -0.180125 -1.000000
-0.178750 -1.000000 == vert 100.000000 1.500000 0.231875 -0.178750 -1.000000
-0.177375 -1.000000 == vert 100.000000 1.500000 0.233938 -0.177375 -1.000000
-0.176000 -1.000000 == vert 100.000000 1.500000 0.236000 -0.176000 -1.000000
-0.174625 -1.000000 == vert 100.000000 1.500000 0.238062 -0.174625 -1.000000
-0.173250 -1.000000 == vert 100.000000 1.500000 0.240125 -0.173250 -1.000000
-0.171875 -1.000000 == vert 100.000000 1.500000 0.242188 -0.171875 -1.000000
-0.170500 -1.000000 == vert 100.000000 1.500000 0.244250 -0.170500 -1.000000
-0.169125 -1.000000 == vert 100.000000 1.500000 0.246313 -0.169125 -1.000000
-0.167750 -1.000000 == vert 100.000000 1.500000 0.248375 -0.167750 -1.000000
-0.166375 -1.000000 == vert 100.000000 1.500000 0.250437 -0.166375 -1.000000
-0.165000 -1.000000 == vert 100.000000 1.500000 0.252500 -0.165000 -1.000000
-0.163625 -1.000000 == vert 100.000000 1.500000 0.254563 -0.163625 -1.000000
-0.162250 -1.000000 == vert 100.000000 1.500000 0.256625 -0.162250 -1.000000
-0.160875 -1.000000 == vert 100.000000 1.500000 0.258687 -0.160875 -1.000000
-0.159500 -1.000000 == vert 100.000000 1.500000 0.260750 -0.159500 -1.000000
-0.158125 -1.000000 == vert 100.000000 1.500000 0.262812 -0.158125 -1.000000
-0.156750 -1.000000 == vert 100.000000 1.500000 0.264875 -0.156750 -1.000000
-0.155375 -1.000000 == vert 100.000000 1.500000 0.266938 -0.155375 -1.000000
-0.154000 -1.000000 == vert 100.000000 1.500000 0.269000 -0.154000 -1.000000
-0.152625 -1.000000 == vert 100.000000 1.500000 0.271063 -0.152625 -1.000000
-0.151250 -1.000000 == vert 100.000000 1.500000 0.273125 -0.151250 -1.000000
-0.149875 -1.000000 == vert 100.000000 1.500000 0.275187 -0.149875 -1.000000
-0.148500 -1.000000 == vert 100.000000 1.500000 0.277250 -0.148500 -1.000000
-0.147125 -1.000000 == vert 100.000000 1.500000 0.279313 -0.147125 -1.000000
-0.145750 -1.000000 == vert 100.000000 1.500000 0.281375 -0.145750 -1.000000
-0.144375 -1.000000 == vert 100.000000 1.500000 0.283437 -0.144375 -1.000000
-0.143000 -1.000000 == vert 100.000000 1.500000 0.285500 -0.143000 -1.000000
-0.141625 -1.000000 == vert 100.000000 1.500000 0.287562 -0.141625 -1.000000
-0.140250 -1.000000 == vert 100.000000 1.500000 0.289625 -0.140250 -1.000000
-0.138875 -1.000000 == vert 100.000000 1.500000 0.291688 -0.138875 -1.000000
-0.137500 -1.000000 == vert 100.000000 1.500000 0.293750 -0.137500 -1.000000
-0.136125 -1.000000 == vert 100.000000 1.500000 0.295812 -0.136125 -1.000000
-0.134750 -1.000000 == vert 100.000000 1.500000 0.297875 -0.134750 -1.000000
-0.133375 -1.000000 == vert 100.000000 1.500000 0.299937 -0.133375 -1.000000
-0.132000 -1.000000 == vert 100.000000 1.500000 0.302000 -0.132000 -1.000000
-0.130625 -1.000000 == vert 100.000000 1.500000 0.304063 -0.130625 -1.000000
-0.129250 -1.000000 == vert 100.000000 1.500000 0.306125 -0.129250 -1.000000
-0.127875 -1.000000 == vert 100.000000 1.500000 0.308187 -0.127875 -1.000000
-0.126500 -1.000000 == vert 100.000000 1.500000 0.310250 -0.126500 -1.000000
-0.125125 -1.000000 == vert 100.000000 1.500000 0.312312 -0.125125 -1.000000
-0.123750 -1.000000 == vert 100.000000 1.500000 0.314375 -0.123750 -1.000000
-0.122375 -1.000000 == vert 100.000000 1.500000 0.316438 -0.122375 -1.000000
-0.121000 -1.000000 == vert 100.000000 1.500000 0.318500 -0.121000 -1.000000
-0.119625 -1.000000 == vert 100.000000 1.500000 0.320562 -0.119625 -1.000000
-0.118250 -1.000000 == vert 100.000000 1.500000 0.322625 -0.118250 -1.000000
-0.116875 -1.000000 == vert 100.000000 1.500000 0.324688 -0.116875 -1.000000
-0.115500 -1.000000 == vert 100.000000 1.500000 0.326750 -0.115500 -1.000000
-0.114125 -1.000000 == vert 100.000000 1.500000 0.328812 -0.114125 -1.000000
-0.112750 -1.000000 == vert 100.000000 1.500000 0.330875 -0.112750 -1.000000
-0.111375 -1.000000 == vert 100.000000 1.500000 0.332937 -0.111375 -1.000000
-0.110000 -1.000000 == vert 100.000000 1.500000 0.335000 -0.110000 -1.000000
-0.108625 -1.000000 == vert 100.000000 1.500000 0.337063 -0.108625 -1.000000
-0.107250 -1.000000 == vert 100.000000 1.500000 0.339125 -0.107250 -1.000000
-0.105875 -1.000000 == vert 100.000000 1.500000 0.341188 -0.105875 -1.000000
-0.104500 -1.000000 == vert 100.000000 1.500000 0.343250 -0.104500 -1.000000
-0.103125 -1.000000 == vert 100.000000 1.500000 0.345312 -0.103125 -1.000000
-0.101750 -1.000000 == vert 100.000000 1.500000 0.347375 -0.101750 -1.000000
-0.100375 -1.000000 == vert 100.000000 1.500000 0.349438 -0.100375 -1.000000
-0.099000 -1.000000 == vert 100.000000 1.500000 0.351500 -0.099000 -1.000000
-0.097625 -1.000000 == vert 100.000000 1.500000 0.353562 -0.097625 -1.000000
-0.096250 -1.000000 == vert 100.000000 1.500000 0.355625 -0.096250 -1.000000
-0.094875 -1.000000 == vert 100.000000 1.500000 0.357687 -0.094875 -1.000000
-0.093500 -1.000000 == vert 100.000000 1.500000 0.359750 -0.093500 -1.000000
-0.092125 -1.000000 == vert 100.000000 1.500000 0.361813 -0.092125 -1.000000
-0.090750 -1.000000 == vert 100.000000 1.500000 0.363875 -0.090750 -1.000000
-0.089375 -1.000000 == vert 100.000000 1.500000 0.365938 -0.089375 -1.000000
-0.088000 -1.000000 == vert 100.000000 1.500000 0.368000 -0.088000 -1.000000
-0.086625 -1.000000 == vert 100.000000 1.500000 0.370062 -0.086625 -1.000000
-0.085250 -1.000000 == vert 100.000000 1.500000 0.372125 -0.085250 -1.000000
-0.083875 -1.000000 == vert 100.000000 1.500000 0.374188 -0.083875 -1.000000
-0.082500 -1.000000 == vert 100.000000 1.500000 0.376250 -0.082500 -1.000000
-0.081125 -1.000000 == vert 100.000000 1.500000 0.378312 -0.081125 -1.000000
-0.079750 -1.000000 == vert 100.000000 1.500000 0.380375 -0.079750 -1.000000
-0.078375 -1.000000 == vert 100.000000 1.500000 0.382437 -0.078375 -1.000000
-0.077000 -1.000000 == vert 100.000000 1.500000 0.384500 -0.077000 -1.000000
-0.075625 -1.000000 == vert 100.000000 1.500000 0.386563 -0.075625 -1.000000
-0.074250 -1.000000 == vert 100.000000 1.500000 0.388625 -0.074250 -1.000000
-0.072875 -1.000000 == vert 100.000000 1.500000 0.390687 -0.072875 -1.000000
-0.071500 -1.000000 == vert 100.000000 1.500000 0.392750 -0.071500 -1.000000
-0.070125 -1.000000 == vert 100.000000 1.500000 0.394813 -0.070125 -1.000000
-0.068750 -1.000000 == vert 100.000000 1.500000 0.396875 -0.068750 -1.000000
-0.067375 -1.000000 == vert 100.000000 1.500000 0.398938 -0.067375 -1.000000
-0.066000 -1.000000 == vert 100.000000 1.500000 0.401000 -0.066000 -1.000000
-0.064625 -1.000000 == vert 100.000000 1.500000 0.403062 -0.064625 -1.000000
-0.063250 -1.000000 == vert 100.000000 1.500000 0.405125 -0.063250 -1.000000
-0.061875 -1.000000 == vert 100.000000 1.500000 0.407188 -0.061875 -1.000000
-0.060500 -1.000000 == vert 100.000000 1.500000 0.409250 -0.060500 -1.000000
-0.059125 -1.000000 == vert 100.000000 1.500000 0.411313 -0.059125 -1.000000
-0.057750 -1.000000 == vert 100.000000 1.500000 0.413375 -0.057750 -1.000000
-0.056375 -1.000000 == vert 100.000000 1.500000 0.415437 -0.056375 -1.000000
-0.055000 -1.000000 == vert 100.000000 1.500000 0.417500 -0.055000 -1.000000
-0.053625 -1.000000 == vert 100.000000 1.500000 0.419563 -0.053625 -1.000000
-0.052250 -1.000000 == vert 100.000000 1.500000 0.421625 -0.052250 -1.000000
-0.050875 -1.000000 == vert 100.000000 1.500000 0.423688 -0.050875 -1.000000
-0.049500 -1.000000 == vert 100.000000 1.500000 0.425750 -0.049500 -1.000000
-0.048125 -1.000000 == vert 100.000000 1.500000 0.427812 -0.048125 -1.000000
-0.046750 -1.000000 == vert 100.000000 1.500000 0.429875 -0.046750 -1.000000
-0.045375 -1.000000 == vert 100.000000 1.500000 0.431938 -0.045375 -1.000000
-0.044000 -1.000000 == vert 100.000000 1.500000 0.434000 -0.044000 -1.000000
-0.042625 -1.000000 == vert 100.000000 1.500000 0.436062 -0.042625 -1.000000
-0.041250 -1.000000 == vert 100.000000 1.500000 0.438125 -0.041250 -1.000000
-0.039875 -1.000000 == vert 100.000000 1.500000 0.440187 -0.039875 -1.000000
-0.038500 -1.000000 == vert 100.000000 1.500000 0.442250 -0.038500 -1.000000
-0.037125 -1.000000 == vert 100.000000 1.500000 0.444313 -0.037125 -1.000000
-0.035750 -1.000000 == vert 100.000000 1.500000 0.446375 -0.035750 -1.000000
-0.034375 -1.000000 == vert 100.000000 1.500000 0.448437 -0.034375 -1.000000
-0.033000 -1.000000 == vert 100.000000 1.500000 0.450500 -0.033000 -1.000000
-0.031625 -1.000000 == vert 100.000000 1.500000 0.452562 -0.031625 -1.000000
-0.030250 -1.000000 == vert 100.000000 1.500000 0.454625 -0.030250 -1.000000
-0.028875 -1.000000 == vert 100.000000 1.500000 0.456688 -0.028875 -1.000000
-0.027500 -1.000000 == vert 100.000000 1.500000 0.458750 -0.027500 -1.000000
-0.026125 -1.000000 == vert 100.000000 1.500000 0.460812 -0.026125 -1.000000
-0.024750 -1.000000 == vert 100.000000 1.500000 0.462875 -0.024750 -1.000000
-0.023375 -1.000000 == vert 100.000000 1.500000 0.464938 -0.023375 -1.000000
-0.022000 -1.000000 == vert 100.000000 1.500000 0.467000 -0.022000 -1.000000
-0.020625 -1.000000 == vert 100.000000 1.500000 0.469063 -0.020625 -1.000000
-0.019250 -1.000000 == vert 100.000000 1.500000 0.471125 -0.019250 -1.000000
-0.017875 -1.000000 == vert 100.000000 1.500000 0.473187 -0.017875 -1.000000
-0.016500 -1.000000 == vert 100.000000 1.500000 0.475250 -0.016500 -1.000000
-0.015125 -1.000000 == vert 100.000000 1.500000 0.477313 -0.015125 -1.000000
-0.013750 -1.000000 == vert 100.000000 1.500000 0.479375 -0.013750 -1.000000
-0.012375 -1.000000 == vert 100.000000 1.500000 0.481437 -0.012375 -1.000000
-0.011000 -1.000000 == vert 100.000000 1.500000 0.483500 -0.011000 -1.000000
-0.009625 -1.000000 == vert 100.000000 1.500000 0.485562 -0.009625 -1.000000
-0.008250 -1.000000 == vert 100.000000 1.500000 0.487625 -0.008250 -1.000000
-0.006875 -1.000000 == vert 100.000000 1.500000 0.489688 -0.006875 -1.000000
-0.005500 -1.000000 == vert 100.000000 1.500000 0.491750 -0.005500 -1.000000
-0.004125 -1.000000 == vert 100.000000 1.500000 0.493813 -0.004125 -1.000000
-0.002750 -1.000000 == vert 100.000000 1.500000 0.495875 -0.002750 -1.000000
-0.001375 -1.000000 == vert 100.000000 1.500000 0.497937 -0.001375 -1.000000
0.000000 -1.000000 == vert 100.000000 1.500000 0.500000 0.000000 -1.000000
0.001375 -1.000000 == vert 100.000000 1.500000 0.502063 0.001375 -1.000000
0.002750 -1.000000 == vert 100.000000 1.500000 0.504125 0.002750 -1.000000
0.004125 -1.000000 == vert 100.000000 1.500000 0.506188 0.004125 -1.000000
0.005500 -1.000000 == vert 100.000000 1.500000 0.508250 0.005500 -1.000000
0.006875 -1.000000 == vert 100.000000 1.500000 0.510312 0.006875 -1.000000
0.008250 -1.000000 == vert 100.000000 1.500000 0.512375 0.008250 -1.000000
0.009625 -1.000000 == vert 100.000000 1.500000 0.514438 0.009625 -1.000000
0.011000 -1.000000 == vert 100.000000 1.500000 0.516500 0.011000 -1.000000
0.012375 -1.000000 == vert 100.000000 1.500000 0.518563 0.012375 -1.000000
0.013750 -1.000000 == vert 100.000000 1.500000 0.520625 0.013750 -1.000000
0.015125 -1.000000 == vert 100.000000 1.500000 0.522687 0.015125 -1.000000
0.016500 -1.000000 == vert 100.000000 1.500000 0.524750 0.016500 -1.000000
0.017875 -1.000000 == vert 100.000000 1.500000 0.526813 0.017875 -1.000000
0.019250 -1.000000 == vert 100.000000 1.500000 0.528875 0.019250 -1.000000
0.020625 -1.000000 == vert 100.000000 1.500000 0.530937 0.020625 -1.000000
0.022000 -1.000000 == vert 100.000000 1.500000 0.533000 0.022000 -1.000000
0.023375 -1.000000 == vert 100.000000 1.500000 0.535062 0.023375 -1.000000
0.024750 -1.000000 == vert 100.000000 1.500000 0.537125 0.024750 -1.000000
0.026125 -1.000000 == vert 100.000000 1.500000 0.539188 0.026125 -1.000000
0.027500 -1.000000 == vert 100.000000 1.500000 0.541250 0.027500 -1.000000
0.028875 -1.000000 == vert 100.000000 1.500000 0.543312 0.028875 -1.000000
0.030250 -1.000000 == vert 100.000000 1.500000 0.545375 0.030250 -1.000000
0.031625 -1.000000 == vert 100.000000 1.500000 0.547438 0.031625 -1.000000
0.033000 -1.000000 == vert 100.000000 1.500000 0.549500 0.033000 -1.000000
0.034375 -1.000000 == vert 100.000000 1.500000 0.551562 0.034375 -1.000000
0.035750 -1.000000 == vert 100.000000 1.500000 0.553625 0.035750 -1.000000
0.037125 -1.000000 == vert 100.000000 1.500000 0.555687 0.037125 -1.000000
0.038500 -1.000000 == vert 100.000000 1.500000 0.557750 0.038500 -1.000000
0.039875 -1.000000 == vert 100.000000 1.500000 0.559813 0.039875 -1.000000
0.041250 -1.000000 == vert 100.000000 1.500000 0.561875 0.041250 -1.000000
0.042625 -1.000000 == vert 100.000000 1.500000 0.563938 0.042625 -1.000000
0.044000 -1.000000 == vert 100.000000 1.500000 0.566000 0.044000 -1.000000
0.045375 -1.000000 == vert 100.000000 1.500000 0.568062 0.045375 -1.000000
0.046750 -1.000000 == vert 100.000000 1.500000 0.570125 0.046750 -1.000000
0.048125 -1.000000 == vert 100.000000 1.500000 0.572188 0.048125 -1.000000
0.049500 -1.000000 == vert 100.000000 1.500000 0.574250 0.049500 -1.000000
0.050875 -1.000000 == vert 100.000000 1.500000 0.576313 0.050875 -1.000000
0.052250 -1.000000 == vert 100.000000 1.500000 0.578375 0.052250 -1.000000
0.053625 -1.000000 == vert 100.000000 1.500000 0.580437 0.053625 -1.000000
0.055000 -1.000000 == vert 100.000000 1.500000 0.582500 0.055000 -1.000000
0.056375 -1.000000 == vert 100.000000 1.500000 0.584563 0.056375 -1.000000
0.057750 -1.000000 == vert 100.000000 1.500000 0.586625 0.057750 -1.000000
0.059125 -1.000000 == vert 100.000000 1.500000 0.588687 0.059125 -1.000000
0.060500 -1.000000 == vert 100.000000 1.500000 0.590750 0.060500 -1.000000
0.061875 -1.000000 == vert 100.000000 1.500000 0.592812 0.061875 -1.000000
0.063250 -1.000000 == vert 100.000000 1.500000 0.594875 0.063250 -1.000000
0.064625 -1.000000 == vert 100.000000 1.500000 0.596938 0.064625 -1.000000
0.066000 -1.000000 == vert 100.000000 1.500000 0.599000 0.066000 -1.000000
0.067375 -1.000000 == vert 100.000000 1.500000 0.601062 0.067375 -1.000000
0.068750 -1.000000 == vert 100.000000 1.500000 0.603125 0.068750 -1.000000
0.070125 -1.000000 == vert 100.000000 1.500000 0.605187 0.070125 -1.000000
0.071500 -1.000000 == vert 100.000000 1.500000 0.607250 0.071500 -1.000000
0.072875 -1.000000 == vert 100.000000 1.500000 0.609313 0.072875 -1.000000
0.074250 -1.000000 == vert 100.000000 1.500000 0.611375 0.074250 -1.000000
0.075625 -1.000000 == vert 100.000000 1.500000 0.613437 0.075625 -1.000000
0.077000 -1.000000 == vert 100.000000 1.500000 0.615500 0.077000 -1.000000
0.078375 -1.000000 == vert 100.000000 1.500000 0.617563 0.078375 -1.000000
0.079750 -1.000000 == vert 100.000000 1.500000 0.619625 0.079750 -1.000000
0.081125 -1.000000 == vert 100.000000 1.500000 0.621687 0.081125 -1.000000
0.082500 -1.000000 == vert 100.000000 1.500000 0.623750 0.082500 -1.000000
0.083875 -1.000000 == vert 100.000000 1.500000 0.625813 0.083875 -1.000000
0.085250 -1.000000 == vert 100.000000 1.500000 0.627875 0.085250 -1.000000
0.086625 -1.000000 == vert 100.000000 1.500000 0.629938 0.086625 -1.000000
0.088000 -1.000000 == vert 100.000000 1.500000 0.632000 0.088000 -1.000000
0.089375 -1.000000 == vert 100.000000 1.500000 0.634063 0.089375 -1.000000
0.090750 -1.000000 == vert 100.000000 1.500000 0.636125 0.090750 -1.000000
0.092125 -1.000000 == vert 100.000000 1.500000 0.638187 0.092125 -1.000000
0.093500 -1.000000 == vert 100.000000 1.500000 0.640250 0.093500 -1.000000
0.094875 -1.000000 == vert 100.000000 1.500000 0.642313 0.094875 -1.000000
0.096250 -1.000000 == vert 100.000000 1.500000 0.644375 0.096250 -1.000000
0.097625 -1.000000 == vert 100.000000 1.500000 0.646438 0.097625 -1.000000
0.099000 -1.000000 == vert 100.000000 1.500000 0.648500 0.099000 -1.000000
0.100375 -1.000000 == vert 100.000000 1.500000 0.650562 0.100375 -1.000000
0.101750 -1.000000 == vert 100.000000 1.500000 0.652625 0.101750 -1.000000
0.103125 -1.000000 == vert 100.000000 1.500000 0.654688 0.103125 -1.000000
0.104500 -1.000000 == vert 100.000000 1.500000 0.656750 0.104500 -1.000000
0.105875 -1.000000 == vert 100.000000 1.500000 0.658812 0.105875 -1.000000
0.107250 -1.000000 == vert 100.000000 1.500000 0.660875 0.107250 -1.000000
0.108625 -1.000000 == vert 100.000000 1.500000 0.662937 0.108625 -1.000000
0.110000 -1.000000 == vert 100.000000 1.500000 0.665000 0.110000 -1.000000
0.111375 -1.000000 == vert 100.000000 1.500000 0.667063 0.111375 -1.000000
0.112750 -1.000000 == vert 100.000000 1.500000 0.669125 0.112750 -1.000000
0.114125 -1.000000 == vert 100.000000 1.500000 0.671187 0.114125 -1.000000
0.115500 -1.000000 == vert 100.000000 1.500000 0.673250 0.115500 -1.000000
0.116875 -1.000000 == vert 100.000000 1.500000 0.675312 0.116875 -1.000000
0.118250 -1.000000 == vert 100.000000 1.500000 0.677375 0.118250 -1.000000
0.119625 -1.000000 == vert 100.000000 1.500000 0.679437 0.119625 -1.000000
0.121000 -1.000000 == vert 100.000000 1.500000 0.681500 0.121000 -1.000000
0.122375 -1.000000 == vert 100.000000 1.500000 0.683562 0.122375 -1.000000
0.123750 -1.000000 == vert 100.000000 1.500000 0.685625 0.123750 -1.000000
0.125125 -1.000000 == vert 100.000000 1.500000 0.687688 0.125125 -1.000000
0.126500 -1.000000 == vert 100.000000 1.500000 0.689750 0.126500 -1.000000
0.127875 -1.000000 == vert 100.000000 1.500000 0.691813 0.127875 -1.000000
0.129250 -1.000000 == vert 100.000000 1.500000 0.693875 0.129250 -1.000000
0.130625 -1.000000 == vert 100.000000 1.500000 0.695937 0.130625 -1.000000
0.132000 -1.000000 == vert 100.000000 1.500000 0.698000 0.132000 -1.000000
0.133375 -1.000000 == vert 100.000000 1.500000 0.700063 0.133375 -1.000000
0.134750 -1.000000 == vert 100.000000 1.500000 0.702125 0.134750 -1.000000
0.136125 -1.000000 == vert 100.000000 1.500000 0.704188 0.136125 -1.000000
0.137500 -1.000000 == vert 100.000000 1.500000 0.706250 0.137500 -1.000000
0.138875 -1.000000 == vert 100.000000 1.500000 0.708312 0.138875 -1.000000
0.140250 -1.000000 == vert 100.000000 1.500000 0.710375 0.140250 -1.000000
0.141625 -1.000000 == vert 100.000000 1.500000 0.712438 0.141625 -1.000000
0.143000 -1.000000 == vert 100.000000 1.500000 0.714500 0.143000 -1.000000
0.144375 -1.000000 == vert 100.000000 1.500000 0.716563 0.144375 -1.000000
0.145750 -1.000000 == vert 100.000000 1.500000 0.718625 0.145750 -1.000000
0.147125 -1.000000 == vert 100.000000 1.500000 0.720687 0.147125 -1.000000
0.148500 -1.000000 == vert 100.000000 1.500000 0.722750 0.148500 -1.000000
0.149875 -1.000000 == vert 100.000000 1.500000 0.724813 0.149875 -1.000000
0.151250 -1.000000 == vert 100.000000 1.500000 0.726875 0.151250 -1.000000
0.152625 -1.000000 == vert 100.000000 1.500000 0.728937 0.152625 -1.000000
0.154000 -1.000000 == vert 100.000000 1.500000 0.731000 0.154000 -1.000000
0.155375 -1.000000 == vert 100.000000 1.500000 0.733062 0.155375 -1.000000
0.156750 -1.000000 == vert 100.000000 1.500000 0.735125 0.156750 -1.000000
0.158125 -1.000000 == vert 100.000000 1.500000 0.737188 0.158125 -1.000000
0.159500 -1.000000 == vert 100.000000 1.500000 0.739250 0.159500 -1.000000
0.160875 -1.000000 == vert 100.000000 1.500000 0.741312 0.160875 -1.000000
0.162250 -1.000000 == vert 100.000000 1.500000 0.743375 0.162250 -1.000000
0.163625 -1.000000 == vert 100.000000 1.500000 0.745437 0.163625 -1.000000
0.165000 -1.000000 == vert 100.000000 1.500000 0.747500 0.165000 -1.000000
0.166375 -1.000000 == vert 100.000000 1.500000 0.749563 0.166375 -1.000000
0.167750 -1.000000 == vert 100.000000 1.500000 0.751625 0.167750 -1.000000
0.169125 -1.000000 == vert 100.000000 1.500000 0.753687 0.169125 -1.000000
0.170500 -1.000000 == vert 100.000000 1.500000 0.755750 0.170500 -1.000000
0.171875 -1.000000 == vert 100.000000 1.500000 0.757812 0.171875 -1.000000
0.173250 -1.000000 == vert 100.000000 1.500000 0.759875 0.173250 -1.000000
0.174625 -1.000000 == vert 100.000000 1.500000 0.761938 0.174625 -1.000000
0.176000 -1.000000 == vert 100.000000 1.500000 0.764000 0.176000 -1.000000
0.177375 -1.000000 == vert 100.000000 1.500000 0.766062 0.177375 -1.000000
0.178750 -1.000000 == vert 100.000000 1.500000 0.768125 0.178750 -1.000000
0.180125 -1.000000 == vert 100.000000 1.500000 0.770188 0.180125 -1.000000
0.181500 -1.000000 == vert 100.000000 1.500000 0.772250 0.181500 -1.000000
0.182875 -1.000000 == vert 100.000000 1.500000 0.774313 0.182875 -1.000000
0.184250 -1.000000 == vert 100.000000 1.500000 0.776375 0.184250 -1.000000
0.185625 -1.000000 == vert 100.000000 1.500000 0.778437 0.185625 -1.000000
0.187000 -1.000000 == vert 100.000000 1.500000 0.780500 0.187000 -1.000000
0.188375 -1.000000 == vert 100.000000 1.500000 0.782563 0.188375 -1.000000
0.189750 -1.000000 == vert 100.000000 1.500000 0.784625 0.189750 -1.000000
0.191125 -1.000000 == vert 100.000000 1.500000 0.786688 0.191125 -1.000000
0.192500 -1.000000 == vert 100.000000 1.500000 0.788750 0.192500 -1.000000
0.193875 -1.000000 == vert 100.000000 1.500000 0.790812 0.193875 -1.000000
0.195250 -1.000000 == vert 100.000000 1.500000 0.792875 0.195250 -1.000000
0.196625 -1.000000 == vert 100.000000 1.500000 0.794938 0.196625 -1.000000
0.198000 -1.000000 == vert 100.000000 1.500000 0.797000 0.198000 -1.000000
0.199375 -1.000000 == vert 100.000000 1.500000 0.799062 0.199375 -1.000000
0.200750 -1.000000 == vert 100.000000 1.500000 0.801125 0.200750 -1.000000
0.202125 -1.000000 == vert 100.000000 1.500000 0.803187 0.202125 -1.000000
0.203500 -1.000000 == vert 100.000000 1.500000 0.805250 0.203500 -1.000000
0.204875 -1.000000 == vert 100.000000 1.500000 0.807313 0.204875 -1.000000
0.206250 -1.000000 == vert 100.000000 1.500000 0.809375 0.206250 -1.000000
0.207625 -1.000000 == vert 100.000000 1.500000 0.811438 0.207625 -1.000000
0.209000 -1.000000 == vert 100.000000 1.500000 0.813500 0.209000 -1.000000
0.210375 -1.000000 == vert 100.000000 1.500000 0.815562 0.210375 -1.000000
0.211750 -1.000000 == vert 100.000000 1.500000 0.817625 0.211750 -1.000000
0.213125 -1.000000 == vert 100.000000 1.500000 0.819688 0.213125 -1.000000
0.214500 -1.000000 == vert 100.000000 1.500000 0.821750 0.214500 -1.000000
0.215875 -1.000000 == vert 100.000000 1.500000 0.823812 0.215875 -1.000000
0.217250 -1.000000 == vert 100.000000 1.500000 0.825875 0.217250 -1.000000
0.218625 -1.000000 == vert 100.000000 1.500000 0.827937 0.218625 -1.000000
0.220000 -1.000000 == vert 100.000000 1.500000 0.830000 0.220000 -1.000000
0.221375 -1.000000 == vert 100.000000 1.500000 0.832063 0.221375 -1.000000
0.222750 -1.000000 == vert 100.000000 1.500000 0.834125 0.222750 -1.000000
0.224125 -1.000000 == vert 100.000000 1.500000 0.836187 0.224125 -1.000000
0.225500 -1.000000 == vert 100.000000 1.500000 0.838250 0.225500 -1.000000
0.226875 -1.000000 == vert 100.000000 1.500000 0.840313 0.226875 -1.000000
0.228250 -1.000000 == vert 100.000000 1.500000 0.842375 0.228250 -1.000000
0.229625 -1.000000 == vert 100.000000 1.500000 0.844438 0.229625 -1.000000
0.231000 -1.000000 == vert 100.000000 1.500000 0.846500 0.231000 -1.000000
0.232375 -1.000000 == vert 100.000000 1.500000 0.848562 0.232375 -1.000000
0.233750 -1.000000 == vert 100.000000 1.500000 0.850625 0.233750 -1.000000
0.235125 -1.000000 == vert 100.000000 1.500000 0.852688 0.235125 -1.000000
0.236500 -1.000000 == vert 100.000000 1.500000 0.854750 0.236500 -1.000000
0.237875 -1.000000 == vert 100.000000 1.500000 0.856813 0.237875 -1.000000
0.239250 -1.000000 == vert 100.000000 1.500000 0.858875 0.239250 -1.000000
0.240625 -1.000000 == vert 100.000000 1.500000 0.860937 0.240625 -1.000000
0.242000 -1.000000 == vert 100.000000 1.500000 0.863000 0.242000 -1.000000
0.243375 -1.000000 == vert 100.000000 1.500000 0.865063 0.243375 -1.000000
0.244750 -1.000000 == vert 100.000000 1.500000 0.867125 0.244750 -1.000000
0.246125 -1.000000 == vert 100.000000 1.500000 0.869187 0.246125 -1.000000
0.247500 -1.000000 == vert 100.000000 1.500000 0.871250 0.247500 -1.000000
0.248875 -1.000000 == vert 100.000000 1.500000 0.873312 0.248875 -1.000000
0.250250 -1.000000 == vert 100.000000 1.500000 0.875375 0.250250 -1.000000
0.251625 -1.000000 == vert 100.000000 1.500000 0.877438 0.251625 -1.000000
0.253000 -1.000000 == vert 100.000000 1.500000 0.879500 0.253000 -1.000000
0.254375 -1.000000 == vert 100.000000 1.500000 0.881563 0.254375 -1.000000
0.255750 -1.000000 == vert 100.000000 1.500000 0.883625 0.255750 -1.000000
0.257125 -1.000000 == vert 100.000000 1.500000 0.885687 0.257125 -1.000000
0.258500 -1.000000 == vert 100.000000 1.500000 0.887750 0.258500 -1.000000
0.259875 -1.000000 == vert 100.000000 1.500000 0.889813 0.259875 -1.000000
0.261250 -1.000000 == vert 100.000000 1.500000 0.891875 0.261250 -1.000000
0.262625 -1.000000 == vert 100.000000 1.500000 0.893937 0.262625 -1.000000
0.264000 -1.000000 == vert 100.000000 1.500000 0.896000 0.264000 -1.000000
0.265375 -1.000000 == vert 100.000000 1.500000 0.898062 0.265375 -1.000000
0.266750 -1.000000 == vert 100.000000 1.500000 0.900125 0.266750 -1.000000
0.268125 -1.000000 == vert 100.000000 1.500000 0.902188 0.268125 -1.000000
0.269500 -1.000000 == vert 100.000000 1.500000 0.904250 0.269500 -1.000000
0.270875 -1.000000 == vert 100.000000 1.500000 0.906312 0.270875 -1.000000
0.272250 -1.000000 == vert 100.000000 1.500000 0.908375 0.272250 -1.000000
0.273625 -1.000000 == vert 100.000000 1.500000 0.910438 0.273625 -1.000000
0.275000 -1.000000 == vert 100.000000 1.500000 0.912500 0.275000 -1.000000
0.276375 -1.000000 == vert 100.000000 1.500000 0.914562 0.276375 -1.000000
0.277750 -1.000000 == vert 100.000000 1.500000 0.916625 0.277750 -1.000000
0.279125 -1.000000 == vert 100.000000 1.500000 0.918687 0.279125 -1.000000
0.280500 -1.000000 == vert 100.000000 1.500000 0.920750 0.280500 -1.000000
0.281875 -1.000000 == vert 100.000000 1.500000 0.922813 0.281875 -1.000000
0.283250 -1.000000 == vert 100.000000 1.500000 0.924875 0.283250 -1.000000
0.284625 -1.000000 == vert 100.000000 1.500000 0.926938 0.284625 -1.000000
0.286000 -1.000000 == vert 100.000000 1.500000 0.929000 0.286000 -1.000000
0.287375 -1.000000 == vert 100.000000 1.500000 0.931062 0.287375 -1.000000
0.288750 -1.000000 == vert 100.000000 1.500000 0.933125 0.288750 -1.000000
0.290125 -1.000000 == vert 100.000000 1.500000 0.935188 0.290125 -1.000000
0.291500 -1.000000 == vert 100.000000 1.500000 0.937250 0.291500 -1.000000
0.292875 -1.000000 == vert 100.000000 1.500000 0.939313 0.292875 -1.000000
0.294250 -1.000000 == vert 100.000000 1.500000 0.941375 0.294250 -1.000000
0.295625 -1.000000 == vert 100.000000 1.500000 0.943437 0.295625 -1.000000
0.297000 -1.000000 == vert 100.000000 1.500000 0.945500 0.297000 -1.000000
0.298375 -1.000000 == vert 100.000000 1.500000 0.947563 0.298375 -1.000000
0.299750 -1.000000 == vert 100.000000 1.500000 0.949625 0.299750 -1.000000
0.301125 -1.000000 == vert 100.000000 1.500000 0.951688 0.301125 -1.000000
0.302500 -1.000000 == vert 100.000000 1.500000 0.953750 0.302500 -1.000000
0.303875 -1.000000 == vert 100.000000 1.500000 0.955812 0.303875 -1.000000
0.305250 -1.000000 == vert 100.000000 1.500000 0.957875 0.305250 -1.000000
0.306625 -1.000000 == vert 100.000000 1.500000 0.959938 0.306625 -1.000000
0.308000 -1.000000 == vert 100.000000 1.500000 0.962000 0.308000 -1.000000
0.309375 -1.000000 == vert 100.000000 1.500000 0.964062 0.309375 -1.000000
0.310750 -1.000000 == vert 100.000000 1.500000 0.966125 0.310750 -1.000000
0.312125 -1.000000 == vert 100.000000 1.500000 0.968187 0.312125 -1.000000
0.313500 -1.000000 == vert 100.000000 1.500000 0.970250 0.313500 -1.000000
0.314875 -1.000000 == vert 100.000000 1.500000 0.972313 0.314875 -1.000000
0.316250 -1.000000 == vert 100.000000 1.500000 0.974375 0.316250 -1.000000
0.317625 -1.000000 == vert 100.000000 1.500000 0.976437 0.317625 -1.000000
0.319000 -1.000000 == vert 100.000000 1.500000 0.978500 0.319000 -1.000000
0.320375 -1.000000 == vert 100.000000 1.500000 0.980563 0.320375 -1.000000
0.321750 -1.000000 == vert 100.000000 1.500000 0.982625 0.321750 -1.000000
0.323125 -1.000000 == vert 100.000000 1.500000 0.984687 0.323125 -1.000000
0.324500 -1.000000 == vert 100.000000 1.500000 0.986750 0.324500 -1.000000
0.325875 -1.000000 == vert 100.000000 1.500000 0.988812 0.325875 -1.000000
0.327250 -1.000000 == vert 100.000000 1.500000 0.990875 0.327250 -1.000000
0.328625 -1.000000 == vert 100.000000 1.500000 0.992938 0.328625 -1.000000
0.330000 -1.000000 == vert 100.000000 1.500000 0.995000 0.330000 -1.000000
0.331375 -1.000000 == vert 100.000000 1.500000 0.997063 0.331375 -1.000000
0.332750 -1.000000 == vert 100.000000 1.500000 0.999125 0.332750 -1.000000
